641.0,20008064.0,20008448.0,20008065.0,20008832.0,20008449.0,20008066.0,20009216.0,20008833.0,20008450.0,20008067.0
642.0,20009217.0,20008834.0,20008451.0,20008068.0,20009218.0,20008835.0,20008452.0,20008069.0,20009219.0,20008836.0
643.0,20008453.0,20008070.0,20009220.0,20008837.0,20008454.0,20008071.0,20009221.0,20008838.0,20008455.0,20008072.0
644.0,20009222.0,20008839.0,20008456.0,20008073.0,20009223.0,20008840.0,20008457.0,20008074.0,20009224.0,20008841.0
645.0,20008458.0,20008075.0,20009225.0,20008842.0,20008459.0,20008076.0,20009226.0,20008843.0,20008460.0,20008077.0
646.0,20009227.0,20008844.0,20008461.0,20008078.0,20009228.0,20008845.0,20008462.0,20008079.0,20009229.0,20008846.0
647.0,20008463.0,20008080.0,20009230.0,20008847.0,20008464.0,20008081.0,20009231.0,20008848.0,20008465.0,20008082.0
648.0,20009232.0,20008849.0,20008466.0,20008083.0,20009233.0,20008850.0,20008467.0,20008084.0,20009234.0,20008851.0
649.0,20008468.0,20008085.0,20009235.0,20008852.0,20008469.0,20008086.0,20009236.0,20008853.0,20008470.0,20008087.0
650.0,20009237.0,20008854.0,20008471.0,20008088.0,20009238.0,20008855.0,20008472.0,20008089.0,20009239.0,20008856.0
651.0,20008473.0,20008090.0,20009240.0,20008857.0,20008474.0,20008091.0,20009241.0,20008858.0,20008475.0,20008092.0
652.0,20009242.0,20008859.0,20008476.0,20008093.0,20009243.0,20008860.0,20008477.0,20008094.0,20009244.0,20008861.0
653.0,20008478.0,20008095.0,20009245.0,20008862.0,20008479.0,20008096.0,20009246.0,20008863.0,20008480.0,20008097.0
654.0,20009247.0,20008864.0,20008481.0,20008098.0,20009248.0,20008865.0,20008482.0,20008099.0,20009249.0,20008866.0
655.0,20008483.0,20008100.0,20009250.0,20008867.0,20008484.0,20008101.0,20009251.0,20008868.0,20008485.0,20008102.0
656.0,20009252.0,20008869.0,20008486.0,20008103.0,20009253.0,20008870.0,20008487.0,20008104.0,20009254.0,20008871.0
657.0,20008488.0,20008105.0,20009255.0,20008872.0,20008489.0,20008106.0,20009256.0,20008873.0,20008490.0,20008107.0
658.0,20009257.0,20008874.0,20008491.0,20008108.0,20009258.0,20008875.0,20008492.0,20008109.0,20009259.0,20008876.0
659.0,20008493.0,20008110.0,20009260.0,20008877.0,20008494.0,20008111.0,20009261.0,20008878.0,20008495.0,20008112.0
660.0,20009262.0,20008879.0,20008496.0,20008113.0,20009263.0,20008880.0,20008497.0,20008114.0,20009264.0,20008881.0
661.0,20008498.0,20008115.0,20009265.0,20008882.0,20008499.0,20008116.0,20009266.0,20008883.0,20008500.0,20008117.0
662.0,20009267.0,20008884.0,20008501.0,20008118.0,20009268.0,20008885.0,20008502.0,20008119.0,20009269.0,20008886.0
663.0,20008503.0,20008120.0,20009270.0,20008887.0,20008504.0,20008121.0,20009271.0,20008888.0,20008505.0,20008122.0
664.0,20009272.0,20008889.0,20008506.0,20008123.0,20009273.0,20008890.0,20008507.0,20008124.0,20009274.0,20008891.0
665.0,20008508.0,20008125.0,20009275.0,20008892.0,20008509.0,20008126.0,20009276.0,20008893.0,20008510.0,20008127.0
666.0,20009277.0,20008894.0,20008511.0,20008128.0,20009278.0,20008895.0,20008512.0,20008129.0,20009279.0,20008896.0
667.0,20008513.0,20008130.0,20009280.0,20008897.0,20008514.0,20008131.0,20009281.0,20008898.0,20008515.0,20008132.0
668.0,20009282.0,20008899.0,20008516.0,20008133.0,20009283.0,20008900.0,20008517.0,20008134.0,20009284.0,20008901.0
669.0,20008518.0,20008135.0,20009285.0,20008902.0,20008519.0,20008136.0,20009286.0,20008903.0,20008520.0,20008137.0
670.0,20009287.0,20008904.0,20008521.0,20008138.0,20009288.0,20008905.0,20008522.0,20008139.0,20009289.0,20008906.0
671.0,20008523.0,20008140.0,20009290.0,20008907.0,20008524.0,20008141.0,20009291.0,20008908.0,20008525.0,20008142.0
672.0,20009292.0,20008909.0,20008526.0,20008143.0,20009293.0,20008910.0,20008527.0,20008144.0,20009294.0,20008911.0
673.0,20008528.0,20008145.0,20009295.0,20008912.0,20008529.0,20008146.0,20009296.0,20008913.0,20008530.0,20008147.0
674.0,20009297.0,20008914.0,20008531.0,20008148.0,20009298.0,20008915.0,20008532.0,20008149.0,20009299.0,20008916.0
675.0,20008533.0,20008150.0,20009300.0,20008917.0,20008534.0,20008151.0,20009301.0,20008918.0,20008535.0,20008152.0
676.0,20009302.0,20008919.0,20008536.0,20008153.0,20009303.0,20008920.0,20008537.0,20008154.0,20009304.0,20008921.0
677.0,20008538.0,20008155.0,20009305.0,20008922.0,20008539.0,20008156.0,20009306.0,20008923.0,20008540.0,20008157.0
678.0,20009307.0,20008924.0,20008541.0,20008158.0,20009308.0,20008925.0,20008542.0,20008159.0,20009309.0,20008926.0
679.0,20008543.0,20008160.0,20009310.0,20008927.0,20008544.0,20008161.0,20009311.0,20008928.0,20008545.0,20008162.0
680.0,20009312.0,20008929.0,20008546.0,20008163.0,20009313.0,20008930.0,20008547.0,20008164.0,20009314.0,20008931.0
681.0,20008548.0,20008165.0,20009315.0,20008932.0,20008549.0,20008166.0,20009316.0,20008933.0,20008550.0,20008167.0
682.0,20009317.0,20008934.0,20008551.0,20008168.0,20009318.0,20008935.0,20008552.0,20008169.0,20009319.0,20008936.0
683.0,20008553.0,20008170.0,20009320.0,20008937.0,20008554.0,20008171.0,20009321.0,20008938.0,20008555.0,20008172.0
684.0,20009322.0,20008939.0,20008556.0,20008173.0,20009323.0,20008940.0,20008557.0,20008174.0,20009324.0,20008941.0
685.0,20008558.0,20008175.0,20009325.0,20008942.0,20008559.0,20008176.0,20009326.0,20008943.0,20008560.0,20008177.0
686.0,20009327.0,20008944.0,20008561.0,20008178.0,20009328.0,20008945.0,20008562.0,20008179.0,20009329.0,20008946.0
687.0,20008563.0,20008180.0,20009330.0,20008947.0,20008564.0,20008181.0,20009331.0,20008948.0,20008565.0,20008182.0
688.0,20009332.0,20008949.0,20008566.0,20008183.0,20009333.0,20008950.0,20008567.0,20008184.0,20009334.0,20008951.0
689.0,20008568.0,20008185.0,20009335.0,20008952.0,20008569.0,20008186.0,20009336.0,20008953.0,20008570.0,20008187.0
690.0,20009337.0,20008954.0,20008571.0,20008188.0,20009338.0,20008955.0,20008572.0,20008189.0,20009339.0,20008956.0
691.0,20008573.0,20008190.0,20009340.0,20008957.0,20008574.0,20008191.0,20009341.0,20008958.0,20008575.0,20009342.0
692.0,20008959.0,20009343.0,20008064.0,-1.0,-1.0,-1.0,-1.0,-1.0,-1.0,-1.0
1028.0,20008448.0,20008065.0,20008832.0,20008449.0,20008066.0,20009216.0,20008833.0,20008450.0,20008067.0,20009217.0
1029.0,20008834.0,20008451.0,20008068.0,20009218.0,20008835.0,20008452.0,20008069.0,20009219.0,20008836.0,20008453.0
1030.0,20008070.0,20009220.0,20008837.0,20008454.0,20008071.0,20009221.0,20008838.0,20008455.0,20008072.0,20009222.0
1031.0,20008839.0,20008456.0,20008073.0,20009223.0,20008840.0,20008457.0,20008074.0,20009224.0,20008841.0,20008458.0
1032.0,20008075.0,20009225.0,20008842.0,20008459.0,20008076.0,20009226.0,20008843.0,20008460.0,20008077.0,20009227.0
1033.0,20008844.0,20008461.0,20008078.0,20009228.0,20008845.0,20008462.0,20008079.0,20009229.0,20008846.0,20008463.0
1034.0,20008080.0,20009230.0,20008847.0,20008464.0,20008081.0,20009231.0,20008848.0,20008465.0,20008082.0,20009232.0
1035.0,20008849.0,20008466.0,20008083.0,20009233.0,20008850.0,20008467.0,20008084.0,20009234.0,20008851.0,20008468.0
1036.0,20008085.0,20009235.0,20008852.0,20008469.0,20008086.0,20009236.0,20008853.0,20008470.0,20008087.0,20009237.0
1037.0,20008854.0,20008471.0,20008088.0,20009238.0,20008855.0,20008472.0,20008089.0,20009239.0,20008856.0,20008473.0
1038.0,20008090.0,20009240.0,20008857.0,20008474.0,20008091.0,20009241.0,20008858.0,20008475.0,20008092.0,20009242.0
1039.0,20008859.0,20008476.0,20008093.0,20009243.0,20008860.0,20008477.0,20008094.0,20009244.0,20008861.0,20008478.0
1040.0,20008095.0,20009245.0,20008862.0,20008479.0,20008096.0,20009246.0,20008863.0,20008480.0,20008097.0,20009247.0
1041.0,20008864.0,20008481.0,20008098.0,20009248.0,20008865.0,20008482.0,20008099.0,20009249.0,20008866.0,20008483.0
1042.0,20008100.0,20009250.0,20008867.0,20008484.0,20008101.0,20009251.0,20008868.0,20008485.0,20008102.0,20009252.0
1043.0,20008869.0,20008486.0,20008103.0,20009253.0,20008870.0,20008487.0,20008104.0,20009254.0,20008871.0,20008488.0
1044.0,20008105.0,20009255.0,20008872.0,20008489.0,20008106.0,20009256.0,20008873.0,20008490.0,20008107.0,20009257.0
1045.0,20008874.0,20008491.0,20008108.0,20009258.0,20008875.0,20008492.0,20008109.0,20009259.0,20008876.0,20008493.0
1046.0,20008110.0,20009260.0,20008877.0,20008494.0,20008111.0,20009261.0,20008878.0,20008495.0,20008112.0,20009262.0
1047.0,20008879.0,20008496.0,20008113.0,20009263.0,20008880.0,20008497.0,20008114.0,20009264.0,20008881.0,20008498.0
1048.0,20008115.0,20009265.0,20008882.0,20008499.0,20008116.0,20009266.0,20008883.0,20008500.0,20008117.0,20009267.0
1049.0,20008884.0,20008501.0,20008118.0,20009268.0,20008885.0,20008502.0,20008119.0,20009269.0,20008886.0,20008503.0
1050.0,20008120.0,20009270.0,20008887.0,20008504.0,20008121.0,20009271.0,20008888.0,20008505.0,20008122.0,20009272.0
1051.0,20008889.0,20008506.0,20008123.0,20009273.0,20008890.0,20008507.0,20008124.0,20009274.0,20008891.0,20008508.0
1052.0,20008125.0,20009275.0,20008892.0,20008509.0,20008126.0,20009276.0,20008893.0,20008510.0,20008127.0,20009277.0
1053.0,20008894.0,20008511.0,20008128.0,20009278.0,20008895.0,20008512.0,20008129.0,20009279.0,20008896.0,20008513.0
1054.0,20008130.0,20009280.0,20008897.0,20008514.0,20008131.0,20009281.0,20008898.0,20008515.0,20008132.0,20009282.0
1055.0,20008899.0,20008516.0,20008133.0,20009283.0,20008900.0,20008517.0,20008134.0,20009284.0,20008901.0,20008518.0
1056.0,20008135.0,20009285.0,20008902.0,20008519.0,20008136.0,20009286.0,20008903.0,20008520.0,20008137.0,20009287.0
1057.0,20008904.0,20008521.0,20008138.0,20009288.0,20008905.0,20008522.0,20008139.0,20009289.0,20008906.0,20008523.0
1058.0,20008140.0,20009290.0,20008907.0,20008524.0,20008141.0,20009291.0,20008908.0,20008525.0,20008142.0,20009292.0
1059.0,20008909.0,20008526.0,20008143.0,20009293.0,20008910.0,20008527.0,20008144.0,20009294.0,20008911.0,20008528.0
1060.0,20008145.0,20009295.0,20008912.0,20008529.0,20008146.0,20009296.0,20008913.0,20008530.0,20008147.0,20009297.0
1061.0,20008914.0,20008531.0,20008148.0,20009298.0,20008915.0,20008532.0,20008149.0,20009299.0,20008916.0,20008533.0
1062.0,20008150.0,20009300.0,20008917.0,20008534.0,20008151.0,20009301.0,20008918.0,20008535.0,20008152.0,20009302.0
1063.0,20008919.0,20008536.0,20008153.0,20009303.0,20008920.0,20008537.0,20008154.0,20009304.0,20008921.0,20008538.0
1064.0,20008155.0,20009305.0,20008922.0,20008539.0,20008156.0,20009306.0,20008923.0,20008540.0,20008157.0,20009307.0
1065.0,20008924.0,20008541.0,20008158.0,20009308.0,20008925.0,20008542.0,20008159.0,20009309.0,20008926.0,20008543.0
1066.0,20008160.0,20009310.0,20008927.0,20008544.0,20008161.0,20009311.0,20008928.0,20008545.0,20008162.0,20009312.0
1067.0,20008929.0,20008546.0,20008163.0,20009313.0,20008930.0,20008547.0,20008164.0,20009314.0,20008931.0,20008548.0
1068.0,20008165.0,20009315.0,20008932.0,20008549.0,20008166.0,20009316.0,20008933.0,20008550.0,20008167.0,20009317.0
1069.0,20008934.0,20008551.0,20008168.0,20009318.0,20008935.0,20008552.0,20008169.0,20009319.0,20008936.0,20008553.0
1070.0,20008170.0,20009320.0,20008937.0,20008554.0,20008171.0,20009321.0,20008938.0,20008555.0,20008172.0,20009322.0
1071.0,20008939.0,20008556.0,20008173.0,20009323.0,20008940.0,20008557.0,20008174.0,20009324.0,20008941.0,20008558.0
1072.0,20008175.0,20009325.0,20008942.0,20008559.0,20008176.0,20009326.0,20008943.0,20008560.0,20008177.0,20009327.0
1073.0,20008944.0,20008561.0,20008178.0,20009328.0,20008945.0,20008562.0,20008179.0,20009329.0,20008946.0,20008563.0
1074.0,20008180.0,20009330.0,20008947.0,20008564.0,20008181.0,20009331.0,20008948.0,20008565.0,20008182.0,20009332.0
1075.0,20008949.0,20008566.0,20008183.0,20009333.0,20008950.0,20008567.0,20008184.0,20009334.0,20008951.0,20008568.0
1076.0,20008185.0,20009335.0,20008952.0,20008569.0,20008186.0,20009336.0,20008953.0,20008570.0,20008187.0,20009337.0
1077.0,20008954.0,20008571.0,20008188.0,20009338.0,20008955.0,20008572.0,20008189.0,20009339.0,20008956.0,20008573.0
1078.0,20008190.0,20009340.0,20008957.0,20008574.0,20008191.0,20009341.0,20008958.0,20008575.0,20009342.0,20008959.0
1079.0,20009343.0,20008064.0,20008448.0,-1.0,-1.0,-1.0,-1.0,-1.0,-1.0,-1.0
1414.0,20008065.0,20008832.0,20008449.0,20008066.0,20009216.0,20008833.0,20008450.0,20008067.0,20009217.0,20008834.0
1415.0,20008451.0,20008068.0,20009218.0,20008835.0,20008452.0,20008069.0,20009219.0,20008836.0,20008453.0,20008070.0
1416.0,20009220.0,20008837.0,20008454.0,20008071.0,20009221.0,20008838.0,20008455.0,20008072.0,20009222.0,20008839.0
1417.0,20008456.0,20008073.0,20009223.0,20008840.0,20008457.0,20008074.0,20009224.0,20008841.0,20008458.0,20008075.0
1418.0,20009225.0,20008842.0,20008459.0,20008076.0,20009226.0,20008843.0,20008460.0,20008077.0,20009227.0,20008844.0
1419.0,20008461.0,20008078.0,20009228.0,20008845.0,20008462.0,20008079.0,20009229.0,20008846.0,20008463.0,20008080.0
1420.0,20009230.0,20008847.0,20008464.0,20008081.0,20009231.0,20008848.0,20008465.0,20008082.0,20009232.0,20008849.0
1421.0,20008466.0,20008083.0,20009233.0,20008850.0,20008467.0,20008084.0,20009234.0,20008851.0,20008468.0,20008085.0
1422.0,20009235.0,20008852.0,20008469.0,20008086.0,20009236.0,20008853.0,20008470.0,20008087.0,20009237.0,20008854.0
1423.0,20008471.0,20008088.0,20009238.0,20008855.0,20008472.0,20008089.0,20009239.0,20008856.0,20008473.0,20008090.0
1424.0,20009240.0,20008857.0,20008474.0,20008091.0,20009241.0,20008858.0,20008475.0,20008092.0,20009242.0,20008859.0
1425.0,20008476.0,20008093.0,20009243.0,20008860.0,20008477.0,20008094.0,20009244.0,20008861.0,20008478.0,20008095.0
1426.0,20009245.0,20008862.0,20008479.0,20008096.0,20009246.0,20008863.0,20008480.0,20008097.0,20009247.0,20008864.0
1427.0,20008481.0,20008098.0,20009248.0,20008865.0,20008482.0,20008099.0,20009249.0,20008866.0,20008483.0,20008100.0
1428.0,20009250.0,20008867.0,20008484.0,20008101.0,20009251.0,20008868.0,20008485.0,20008102.0,20009252.0,20008869.0
1429.0,20008486.0,20008103.0,20009253.0,20008870.0,20008487.0,20008104.0,20009254.0,20008871.0,20008488.0,20008105.0
1430.0,20009255.0,20008872.0,20008489.0,20008106.0,20009256.0,20008873.0,20008490.0,20008107.0,20009257.0,20008874.0
1431.0,20008491.0,20008108.0,20009258.0,20008875.0,20008492.0,20008109.0,20009259.0,20008876.0,20008493.0,20008110.0
1432.0,20009260.0,20008877.0,20008494.0,20008111.0,20009261.0,20008878.0,20008495.0,20008112.0,20009262.0,20008879.0
1433.0,20008496.0,20008113.0,20009263.0,20008880.0,20008497.0,20008114.0,20009264.0,20008881.0,20008498.0,20008115.0
1434.0,20009265.0,20008882.0,20008499.0,20008116.0,20009266.0,20008883.0,20008500.0,20008117.0,20009267.0,20008884.0
1435.0,20008501.0,20008118.0,20009268.0,20008885.0,20008502.0,20008119.0,20009269.0,20008886.0,20008503.0,20008120.0
1436.0,20009270.0,20008887.0,20008504.0,20008121.0,20009271.0,20008888.0,20008505.0,20008122.0,20009272.0,20008889.0
1437.0,20008506.0,20008123.0,20009273.0,20008890.0,20008507.0,20008124.0,20009274.0,20008891.0,20008508.0,20008125.0
1438.0,20009275.0,20008892.0,20008509.0,20008126.0,20009276.0,20008893.0,20008510.0,20008127.0,20009277.0,20008894.0
1439.0,20008511.0,20008128.0,20009278.0,20008895.0,20008512.0,20008129.0,20009279.0,20008896.0,20008513.0,20008130.0
1440.0,20009280.0,20008897.0,20008514.0,20008131.0,20009281.0,20008898.0,20008515.0,20008132.0,20009282.0,20008899.0
1441.0,20008516.0,20008133.0,20009283.0,20008900.0,20008517.0,20008134.0,20009284.0,20008901.0,20008518.0,20008135.0
1442.0,20009285.0,20008902.0,20008519.0,20008136.0,20009286.0,20008903.0,20008520.0,20008137.0,20009287.0,20008904.0
1443.0,20008521.0,20008138.0,20009288.0,20008905.0,20008522.0,20008139.0,20009289.0,20008906.0,20008523.0,20008140.0
1444.0,20009290.0,20008907.0,20008524.0,20008141.0,20009291.0,20008908.0,20008525.0,20008142.0,20009292.0,20008909.0
1445.0,20008526.0,20008143.0,20009293.0,20008910.0,20008527.0,20008144.0,20009294.0,20008911.0,20008528.0,20008145.0
1446.0,20009295.0,20008912.0,20008529.0,20008146.0,20009296.0,20008913.0,20008530.0,20008147.0,20009297.0,20008914.0
1447.0,20008531.0,20008148.0,20009298.0,20008915.0,20008532.0,20008149.0,20009299.0,20008916.0,20008533.0,20008150.0
1448.0,20009300.0,20008917.0,20008534.0,20008151.0,20009301.0,20008918.0,20008535.0,20008152.0,20009302.0,20008919.0
1449.0,20008536.0,20008153.0,20009303.0,20008920.0,20008537.0,20008154.0,20009304.0,20008921.0,20008538.0,20008155.0
1450.0,20009305.0,20008922.0,20008539.0,20008156.0,20009306.0,20008923.0,20008540.0,20008157.0,20009307.0,20008924.0
1451.0,20008541.0,20008158.0,20009308.0,20008925.0,20008542.0,20008159.0,20009309.0,20008926.0,20008543.0,20008160.0
1452.0,20009310.0,20008927.0,20008544.0,20008161.0,20009311.0,20008928.0,20008545.0,20008162.0,20009312.0,20008929.0
1453.0,20008546.0,20008163.0,20009313.0,20008930.0,20008547.0,20008164.0,20009314.0,20008931.0,20008548.0,20008165.0
1454.0,20009315.0,20008932.0,20008549.0,20008166.0,20009316.0,20008933.0,20008550.0,20008167.0,20009317.0,20008934.0
1455.0,20008551.0,20008168.0,20009318.0,20008935.0,20008552.0,20008169.0,20009319.0,20008936.0,20008553.0,20008170.0
1456.0,20009320.0,20008937.0,20008554.0,20008171.0,20009321.0,20008938.0,20008555.0,20008172.0,20009322.0,20008939.0
1457.0,20008556.0,20008173.0,20009323.0,20008940.0,20008557.0,20008174.0,20009324.0,20008941.0,20008558.0,20008175.0
1458.0,20009325.0,20008942.0,20008559.0,20008176.0,20009326.0,20008943.0,20008560.0,20008177.0,20009327.0,20008944.0
1459.0,20008561.0,20008178.0,20009328.0,20008945.0,20008562.0,20008179.0,20009329.0,20008946.0,20008563.0,20008180.0
1460.0,20009330.0,20008947.0,20008564.0,20008181.0,20009331.0,20008948.0,20008565.0,20008182.0,20009332.0,20008949.0
1461.0,20008566.0,20008183.0,20009333.0,20008950.0,20008567.0,20008184.0,20009334.0,20008951.0,20008568.0,20008185.0
1462.0,20009335.0,20008952.0,20008569.0,20008186.0,20009336.0,20008953.0,20008570.0,20008187.0,20009337.0,20008954.0
1463.0,20008571.0,20008188.0,20009338.0,20008955.0,20008572.0,20008189.0,20009339.0,20008956.0,20008573.0,20008190.0
1464.0,20009340.0,20008957.0,20008574.0,20008191.0,20009341.0,20008958.0,20008575.0,20009342.0,20008959.0,20009343.0
1465.0,20008064.0,20008448.0,20008065.0,-1.0,-1.0,-1.0,-1.0,-1.0,-1.0,-1.0
1801.0,20008832.0,20008449.0,20008066.0,20009216.0,20008833.0,20008450.0,20008067.0,20009217.0,20008834.0,20008451.0
1802.0,20008068.0,20009218.0,20008835.0,20008452.0,20008069.0,20009219.0,20008836.0,20008453.0,20008070.0,20009220.0
1803.0,20008837.0,20008454.0,20008071.0,20009221.0,20008838.0,20008455.0,20008072.0,20009222.0,20008839.0,20008456.0
1804.0,20008073.0,20009223.0,20008840.0,20008457.0,20008074.0,20009224.0,20008841.0,20008458.0,20008075.0,20009225.0
1805.0,20008842.0,20008459.0,20008076.0,20009226.0,20008843.0,20008460.0,20008077.0,20009227.0,20008844.0,20008461.0
1806.0,20008078.0,20009228.0,20008845.0,20008462.0,20008079.0,20009229.0,20008846.0,20008463.0,20008080.0,20009230.0
1807.0,20008847.0,20008464.0,20008081.0,20009231.0,20008848.0,20008465.0,20008082.0,20009232.0,20008849.0,20008466.0
1808.0,20008083.0,20009233.0,20008850.0,20008467.0,20008084.0,20009234.0,20008851.0,20008468.0,20008085.0,20009235.0
1809.0,20008852.0,20008469.0,20008086.0,20009236.0,20008853.0,20008470.0,20008087.0,20009237.0,20008854.0,20008471.0
1810.0,20008088.0,20009238.0,20008855.0,20008472.0,20008089.0,20009239.0,20008856.0,20008473.0,20008090.0,20009240.0
1811.0,20008857.0,20008474.0,20008091.0,20009241.0,20008858.0,20008475.0,20008092.0,20009242.0,20008859.0,20008476.0
1812.0,20008093.0,20009243.0,20008860.0,20008477.0,20008094.0,20009244.0,20008861.0,20008478.0,20008095.0,20009245.0
1813.0,20008862.0,20008479.0,20008096.0,20009246.0,20008863.0,20008480.0,20008097.0,20009247.0,20008864.0,20008481.0
1814.0,20008098.0,20009248.0,20008865.0,20008482.0,20008099.0,20009249.0,20008866.0,20008483.0,20008100.0,20009250.0
1815.0,20008867.0,20008484.0,20008101.0,20009251.0,20008868.0,20008485.0,20008102.0,20009252.0,20008869.0,20008486.0
1816.0,20008103.0,20009253.0,20008870.0,20008487.0,20008104.0,20009254.0,20008871.0,20008488.0,20008105.0,20009255.0
1817.0,20008872.0,20008489.0,20008106.0,20009256.0,20008873.0,20008490.0,20008107.0,20009257.0,20008874.0,20008491.0
1818.0,20008108.0,20009258.0,20008875.0,20008492.0,20008109.0,20009259.0,20008876.0,20008493.0,20008110.0,20009260.0
1819.0,20008877.0,20008494.0,20008111.0,20009261.0,20008878.0,20008495.0,20008112.0,20009262.0,20008879.0,20008496.0
1820.0,20008113.0,20009263.0,20008880.0,20008497.0,20008114.0,20009264.0,20008881.0,20008498.0,20008115.0,20009265.0
1821.0,20008882.0,20008499.0,20008116.0,20009266.0,20008883.0,20008500.0,20008117.0,20009267.0,20008884.0,20008501.0
1822.0,20008118.0,20009268.0,20008885.0,20008502.0,20008119.0,20009269.0,20008886.0,20008503.0,20008120.0,20009270.0
1823.0,20008887.0,20008504.0,20008121.0,20009271.0,20008888.0,20008505.0,20008122.0,20009272.0,20008889.0,20008506.0
1824.0,20008123.0,20009273.0,20008890.0,20008507.0,20008124.0,20009274.0,20008891.0,20008508.0,20008125.0,20009275.0
1825.0,20008892.0,20008509.0,20008126.0,20009276.0,20008893.0,20008510.0,20008127.0,20009277.0,20008894.0,20008511.0
1826.0,20008128.0,20009278.0,20008895.0,20008512.0,20008129.0,20009279.0,20008896.0,20008513.0,20008130.0,20009280.0
1827.0,20008897.0,20008514.0,20008131.0,20009281.0,20008898.0,20008515.0,20008132.0,20009282.0,20008899.0,20008516.0
1828.0,20008133.0,20009283.0,20008900.0,20008517.0,20008134.0,20009284.0,20008901.0,20008518.0,20008135.0,20009285.0
1829.0,20008902.0,20008519.0,20008136.0,20009286.0,20008903.0,20008520.0,20008137.0,20009287.0,20008904.0,20008521.0
1830.0,20008138.0,20009288.0,20008905.0,20008522.0,20008139.0,20009289.0,20008906.0,20008523.0,20008140.0,20009290.0
1831.0,20008907.0,20008524.0,20008141.0,20009291.0,20008908.0,20008525.0,20008142.0,20009292.0,20008909.0,20008526.0
1832.0,20008143.0,20009293.0,20008910.0,20008527.0,20008144.0,20009294.0,20008911.0,20008528.0,20008145.0,20009295.0
1833.0,20008912.0,20008529.0,20008146.0,20009296.0,20008913.0,20008530.0,20008147.0,20009297.0,20008914.0,20008531.0
1834.0,20008148.0,20009298.0,20008915.0,20008532.0,20008149.0,20009299.0,20008916.0,20008533.0,20008150.0,20009300.0
1835.0,20008917.0,20008534.0,20008151.0,20009301.0,20008918.0,20008535.0,20008152.0,20009302.0,20008919.0,20008536.0
1836.0,20008153.0,20009303.0,20008920.0,20008537.0,20008154.0,20009304.0,20008921.0,20008538.0,20008155.0,20009305.0
1837.0,20008922.0,20008539.0,20008156.0,20009306.0,20008923.0,20008540.0,20008157.0,20009307.0,20008924.0,20008541.0
1838.0,20008158.0,20009308.0,20008925.0,20008542.0,20008159.0,20009309.0,20008926.0,20008543.0,20008160.0,20009310.0
1839.0,20008927.0,20008544.0,20008161.0,20009311.0,20008928.0,20008545.0,20008162.0,20009312.0,20008929.0,20008546.0
1840.0,20008163.0,20009313.0,20008930.0,20008547.0,20008164.0,20009314.0,20008931.0,20008548.0,20008165.0,20009315.0
1841.0,20008932.0,20008549.0,20008166.0,20009316.0,20008933.0,20008550.0,20008167.0,20009317.0,20008934.0,20008551.0
1842.0,20008168.0,20009318.0,20008935.0,20008552.0,20008169.0,20009319.0,20008936.0,20008553.0,20008170.0,20009320.0
1843.0,20008937.0,20008554.0,20008171.0,20009321.0,20008938.0,20008555.0,20008172.0,20009322.0,20008939.0,20008556.0
1844.0,20008173.0,20009323.0,20008940.0,20008557.0,20008174.0,20009324.0,20008941.0,20008558.0,20008175.0,20009325.0
1845.0,20008942.0,20008559.0,20008176.0,20009326.0,20008943.0,20008560.0,20008177.0,20009327.0,20008944.0,20008561.0
1846.0,20008178.0,20009328.0,20008945.0,20008562.0,20008179.0,20009329.0,20008946.0,20008563.0,20008180.0,20009330.0
1847.0,20008947.0,20008564.0,20008181.0,20009331.0,20008948.0,20008565.0,20008182.0,20009332.0,20008949.0,20008566.0
1848.0,20008183.0,20009333.0,20008950.0,20008567.0,20008184.0,20009334.0,20008951.0,20008568.0,20008185.0,20009335.0
1849.0,20008952.0,20008569.0,20008186.0,20009336.0,20008953.0,20008570.0,20008187.0,20009337.0,20008954.0,20008571.0
1850.0,20008188.0,20009338.0,20008955.0,20008572.0,20008189.0,20009339.0,20008956.0,20008573.0,20008190.0,20009340.0
1851.0,20008957.0,20008574.0,20008191.0,20009341.0,20008958.0,20008575.0,20009342.0,20008959.0,20009343.0,20008064.0
1852.0,20008448.0,20008065.0,20008832.0,-1.0,-1.0,-1.0,-1.0,-1.0,-1.0,-1.0
2187.0,20008449.0,20008066.0,20009216.0,20008833.0,20008450.0,20008067.0,20009217.0,20008834.0,20008451.0,20008068.0
2188.0,20009218.0,20008835.0,20008452.0,20008069.0,20009219.0,20008836.0,20008453.0,20008070.0,20009220.0,20008837.0
2189.0,20008454.0,20008071.0,20009221.0,20008838.0,20008455.0,20008072.0,20009222.0,20008839.0,20008456.0,20008073.0
2190.0,20009223.0,20008840.0,20008457.0,20008074.0,20009224.0,20008841.0,20008458.0,20008075.0,20009225.0,20008842.0
2191.0,20008459.0,20008076.0,20009226.0,20008843.0,20008460.0,20008077.0,20009227.0,20008844.0,20008461.0,20008078.0
2192.0,20009228.0,20008845.0,20008462.0,20008079.0,20009229.0,20008846.0,20008463.0,20008080.0,20009230.0,20008847.0
2193.0,20008464.0,20008081.0,20009231.0,20008848.0,20008465.0,20008082.0,20009232.0,20008849.0,20008466.0,20008083.0
2194.0,20009233.0,20008850.0,20008467.0,20008084.0,20009234.0,20008851.0,20008468.0,20008085.0,20009235.0,20008852.0
2195.0,20008469.0,20008086.0,20009236.0,20008853.0,20008470.0,20008087.0,20009237.0,20008854.0,20008471.0,20008088.0
2196.0,20009238.0,20008855.0,20008472.0,20008089.0,20009239.0,20008856.0,20008473.0,20008090.0,20009240.0,20008857.0
2197.0,20008474.0,20008091.0,20009241.0,20008858.0,20008475.0,20008092.0,20009242.0,20008859.0,20008476.0,20008093.0
2198.0,20009243.0,20008860.0,20008477.0,20008094.0,20009244.0,20008861.0,20008478.0,20008095.0,20009245.0,20008862.0
2199.0,20008479.0,20008096.0,20009246.0,20008863.0,20008480.0,20008097.0,20009247.0,20008864.0,20008481.0,20008098.0
2200.0,20009248.0,20008865.0,20008482.0,20008099.0,20009249.0,20008866.0,20008483.0,20008100.0,20009250.0,20008867.0
2201.0,20008484.0,20008101.0,20009251.0,20008868.0,20008485.0,20008102.0,20009252.0,20008869.0,20008486.0,20008103.0
2202.0,20009253.0,20008870.0,20008487.0,20008104.0,20009254.0,20008871.0,20008488.0,20008105.0,20009255.0,20008872.0
2203.0,20008489.0,20008106.0,20009256.0,20008873.0,20008490.0,20008107.0,20009257.0,20008874.0,20008491.0,20008108.0
2204.0,20009258.0,20008875.0,20008492.0,20008109.0,20009259.0,20008876.0,20008493.0,20008110.0,20009260.0,20008877.0
2205.0,20008494.0,20008111.0,20009261.0,20008878.0,20008495.0,20008112.0,20009262.0,20008879.0,20008496.0,20008113.0
2206.0,20009263.0,20008880.0,20008497.0,20008114.0,20009264.0,20008881.0,20008498.0,20008115.0,20009265.0,20008882.0
2207.0,20008499.0,20008116.0,20009266.0,20008883.0,20008500.0,20008117.0,20009267.0,20008884.0,20008501.0,20008118.0
2208.0,20009268.0,20008885.0,20008502.0,20008119.0,20009269.0,20008886.0,20008503.0,20008120.0,20009270.0,20008887.0
2209.0,20008504.0,20008121.0,20009271.0,20008888.0,20008505.0,20008122.0,20009272.0,20008889.0,20008506.0,20008123.0
2210.0,20009273.0,20008890.0,20008507.0,20008124.0,20009274.0,20008891.0,20008508.0,20008125.0,20009275.0,20008892.0
2211.0,20008509.0,20008126.0,20009276.0,20008893.0,20008510.0,20008127.0,20009277.0,20008894.0,20008511.0,20008128.0
2212.0,20009278.0,20008895.0,20008512.0,20008129.0,20009279.0,20008896.0,20008513.0,20008130.0,20009280.0,20008897.0
2213.0,20008514.0,20008131.0,20009281.0,20008898.0,20008515.0,20008132.0,20009282.0,20008899.0,20008516.0,20008133.0
2214.0,20009283.0,20008900.0,20008517.0,20008134.0,20009284.0,20008901.0,20008518.0,20008135.0,20009285.0,20008902.0
2215.0,20008519.0,20008136.0,20009286.0,20008903.0,20008520.0,20008137.0,20009287.0,20008904.0,20008521.0,20008138.0
2216.0,20009288.0,20008905.0,20008522.0,20008139.0,20009289.0,20008906.0,20008523.0,20008140.0,20009290.0,20008907.0
2217.0,20008524.0,20008141.0,20009291.0,20008908.0,20008525.0,20008142.0,20009292.0,20008909.0,20008526.0,20008143.0
2218.0,20009293.0,20008910.0,20008527.0,20008144.0,20009294.0,20008911.0,20008528.0,20008145.0,20009295.0,20008912.0
2219.0,20008529.0,20008146.0,20009296.0,20008913.0,20008530.0,20008147.0,20009297.0,20008914.0,20008531.0,20008148.0
2220.0,20009298.0,20008915.0,20008532.0,20008149.0,20009299.0,20008916.0,20008533.0,20008150.0,20009300.0,20008917.0
2221.0,20008534.0,20008151.0,20009301.0,20008918.0,20008535.0,20008152.0,20009302.0,20008919.0,20008536.0,20008153.0
2222.0,20009303.0,20008920.0,20008537.0,20008154.0,20009304.0,20008921.0,20008538.0,20008155.0,20009305.0,20008922.0
2223.0,20008539.0,20008156.0,20009306.0,20008923.0,20008540.0,20008157.0,20009307.0,20008924.0,20008541.0,20008158.0
2224.0,20009308.0,20008925.0,20008542.0,20008159.0,20009309.0,20008926.0,20008543.0,20008160.0,20009310.0,20008927.0
2225.0,20008544.0,20008161.0,20009311.0,20008928.0,20008545.0,20008162.0,20009312.0,20008929.0,20008546.0,20008163.0
2226.0,20009313.0,20008930.0,20008547.0,20008164.0,20009314.0,20008931.0,20008548.0,20008165.0,20009315.0,20008932.0
2227.0,20008549.0,20008166.0,20009316.0,20008933.0,20008550.0,20008167.0,20009317.0,20008934.0,20008551.0,20008168.0
2228.0,20009318.0,20008935.0,20008552.0,20008169.0,20009319.0,20008936.0,20008553.0,20008170.0,20009320.0,20008937.0
2229.0,20008554.0,20008171.0,20009321.0,20008938.0,20008555.0,20008172.0,20009322.0,20008939.0,20008556.0,20008173.0
2230.0,20009323.0,20008940.0,20008557.0,20008174.0,20009324.0,20008941.0,20008558.0,20008175.0,20009325.0,20008942.0
2231.0,20008559.0,20008176.0,20009326.0,20008943.0,20008560.0,20008177.0,20009327.0,20008944.0,20008561.0,20008178.0
2232.0,20009328.0,20008945.0,20008562.0,20008179.0,20009329.0,20008946.0,20008563.0,20008180.0,20009330.0,20008947.0
2233.0,20008564.0,20008181.0,20009331.0,20008948.0,20008565.0,20008182.0,20009332.0,20008949.0,20008566.0,20008183.0
2234.0,20009333.0,20008950.0,20008567.0,20008184.0,20009334.0,20008951.0,20008568.0,20008185.0,20009335.0,20008952.0
2235.0,20008569.0,20008186.0,20009336.0,20008953.0,20008570.0,20008187.0,20009337.0,20008954.0,20008571.0,20008188.0
2236.0,20009338.0,20008955.0,20008572.0,20008189.0,20009339.0,20008956.0,20008573.0,20008190.0,20009340.0,20008957.0
2237.0,20008574.0,20008191.0,20009341.0,20008958.0,20008575.0,20009342.0,20008959.0,20009343.0,20008064.0,20008448.0
2238.0,20008065.0,20008832.0,20008449.0,-1.0,-1.0,-1.0,-1.0,-1.0,-1.0,-1.0
2573.0,20008066.0,20009216.0,20008833.0,20008450.0,20008067.0,20009217.0,20008834.0,20008451.0,20008068.0,20009218.0
2574.0,20008835.0,20008452.0,20008069.0,20009219.0,20008836.0,20008453.0,20008070.0,20009220.0,20008837.0,20008454.0
2575.0,20008071.0,20009221.0,20008838.0,20008455.0,20008072.0,20009222.0,20008839.0,20008456.0,20008073.0,20009223.0
2576.0,20008840.0,20008457.0,20008074.0,20009224.0,20008841.0,20008458.0,20008075.0,20009225.0,20008842.0,20008459.0
2577.0,20008076.0,20009226.0,20008843.0,20008460.0,20008077.0,20009227.0,20008844.0,20008461.0,20008078.0,20009228.0
2578.0,20008845.0,20008462.0,20008079.0,20009229.0,20008846.0,20008463.0,20008080.0,20009230.0,20008847.0,20008464.0
2579.0,20008081.0,20009231.0,20008848.0,20008465.0,20008082.0,20009232.0,20008849.0,20008466.0,20008083.0,20009233.0
2580.0,20008850.0,20008467.0,20008084.0,20009234.0,20008851.0,20008468.0,20008085.0,20009235.0,20008852.0,20008469.0
2581.0,20008086.0,20009236.0,20008853.0,20008470.0,20008087.0,20009237.0,20008854.0,20008471.0,20008088.0,20009238.0
2582.0,20008855.0,20008472.0,20008089.0,20009239.0,20008856.0,20008473.0,20008090.0,20009240.0,20008857.0,20008474.0
2583.0,20008091.0,20009241.0,20008858.0,20008475.0,20008092.0,20009242.0,20008859.0,20008476.0,20008093.0,20009243.0
2584.0,20008860.0,20008477.0,20008094.0,20009244.0,20008861.0,20008478.0,20008095.0,20009245.0,20008862.0,20008479.0
2585.0,20008096.0,20009246.0,20008863.0,20008480.0,20008097.0,20009247.0,20008864.0,20008481.0,20008098.0,20009248.0
2586.0,20008865.0,20008482.0,20008099.0,20009249.0,20008866.0,20008483.0,20008100.0,20009250.0,20008867.0,20008484.0
2587.0,20008101.0,20009251.0,20008868.0,20008485.0,20008102.0,20009252.0,20008869.0,20008486.0,20008103.0,20009253.0
2588.0,20008870.0,20008487.0,20008104.0,20009254.0,20008871.0,20008488.0,20008105.0,20009255.0,20008872.0,20008489.0
2589.0,20008106.0,20009256.0,20008873.0,20008490.0,20008107.0,20009257.0,20008874.0,20008491.0,20008108.0,20009258.0
2590.0,20008875.0,20008492.0,20008109.0,20009259.0,20008876.0,20008493.0,20008110.0,20009260.0,20008877.0,20008494.0
2591.0,20008111.0,20009261.0,20008878.0,20008495.0,20008112.0,20009262.0,20008879.0,20008496.0,20008113.0,20009263.0
2592.0,20008880.0,20008497.0,20008114.0,20009264.0,20008881.0,20008498.0,20008115.0,20009265.0,20008882.0,20008499.0
2593.0,20008116.0,20009266.0,20008883.0,20008500.0,20008117.0,20009267.0,20008884.0,20008501.0,20008118.0,20009268.0
2594.0,20008885.0,20008502.0,20008119.0,20009269.0,20008886.0,20008503.0,20008120.0,20009270.0,20008887.0,20008504.0
2595.0,20008121.0,20009271.0,20008888.0,20008505.0,20008122.0,20009272.0,20008889.0,20008506.0,20008123.0,20009273.0
2596.0,20008890.0,20008507.0,20008124.0,20009274.0,20008891.0,20008508.0,20008125.0,20009275.0,20008892.0,20008509.0
2597.0,20008126.0,20009276.0,20008893.0,20008510.0,20008127.0,20009277.0,20008894.0,20008511.0,20008128.0,20009278.0
2598.0,20008895.0,20008512.0,20008129.0,20009279.0,20008896.0,20008513.0,20008130.0,20009280.0,20008897.0,20008514.0
2599.0,20008131.0,20009281.0,20008898.0,20008515.0,20008132.0,20009282.0,20008899.0,20008516.0,20008133.0,20009283.0
2600.0,20008900.0,20008517.0,20008134.0,20009284.0,20008901.0,20008518.0,20008135.0,20009285.0,20008902.0,20008519.0
2601.0,20008136.0,20009286.0,20008903.0,20008520.0,20008137.0,20009287.0,20008904.0,20008521.0,20008138.0,20009288.0
2602.0,20008905.0,20008522.0,20008139.0,20009289.0,20008906.0,20008523.0,20008140.0,20009290.0,20008907.0,20008524.0
2603.0,20008141.0,20009291.0,20008908.0,20008525.0,20008142.0,20009292.0,20008909.0,20008526.0,20008143.0,20009293.0
2604.0,20008910.0,20008527.0,20008144.0,20009294.0,20008911.0,20008528.0,20008145.0,20009295.0,20008912.0,20008529.0
2605.0,20008146.0,20009296.0,20008913.0,20008530.0,20008147.0,20009297.0,20008914.0,20008531.0,20008148.0,20009298.0
2606.0,20008915.0,20008532.0,20008149.0,20009299.0,20008916.0,20008533.0,20008150.0,20009300.0,20008917.0,20008534.0
2607.0,20008151.0,20009301.0,20008918.0,20008535.0,20008152.0,20009302.0,20008919.0,20008536.0,20008153.0,20009303.0
2608.0,20008920.0,20008537.0,20008154.0,20009304.0,20008921.0,20008538.0,20008155.0,20009305.0,20008922.0,20008539.0
2609.0,20008156.0,20009306.0,20008923.0,20008540.0,20008157.0,20009307.0,20008924.0,20008541.0,20008158.0,20009308.0
2610.0,20008925.0,20008542.0,20008159.0,20009309.0,20008926.0,20008543.0,20008160.0,20009310.0,20008927.0,20008544.0
2611.0,20008161.0,20009311.0,20008928.0,20008545.0,20008162.0,20009312.0,20008929.0,20008546.0,20008163.0,20009313.0
2612.0,20008930.0,20008547.0,20008164.0,20009314.0,20008931.0,20008548.0,20008165.0,20009315.0,20008932.0,20008549.0
2613.0,20008166.0,20009316.0,20008933.0,20008550.0,20008167.0,20009317.0,20008934.0,20008551.0,20008168.0,20009318.0
2614.0,20008935.0,20008552.0,20008169.0,20009319.0,20008936.0,20008553.0,20008170.0,20009320.0,20008937.0,20008554.0
2615.0,20008171.0,20009321.0,20008938.0,20008555.0,20008172.0,20009322.0,20008939.0,20008556.0,20008173.0,20009323.0
2616.0,20008940.0,20008557.0,20008174.0,20009324.0,20008941.0,20008558.0,20008175.0,20009325.0,20008942.0,20008559.0
2617.0,20008176.0,20009326.0,20008943.0,20008560.0,20008177.0,20009327.0,20008944.0,20008561.0,20008178.0,20009328.0
2618.0,20008945.0,20008562.0,20008179.0,20009329.0,20008946.0,20008563.0,20008180.0,20009330.0,20008947.0,20008564.0
2619.0,20008181.0,20009331.0,20008948.0,20008565.0,20008182.0,20009332.0,20008949.0,20008566.0,20008183.0,20009333.0
2620.0,20008950.0,20008567.0,20008184.0,20009334.0,20008951.0,20008568.0,20008185.0,20009335.0,20008952.0,20008569.0
2621.0,20008186.0,20009336.0,20008953.0,20008570.0,20008187.0,20009337.0,20008954.0,20008571.0,20008188.0,20009338.0
2622.0,20008955.0,20008572.0,20008189.0,20009339.0,20008956.0,20008573.0,20008190.0,20009340.0,20008957.0,20008574.0
2623.0,20008191.0,20009341.0,20008958.0,20008575.0,20009342.0,20008959.0,20009343.0,20008064.0,20008448.0,20008065.0
2624.0,20008832.0,20008449.0,20008066.0,-1.0,-1.0,-1.0,-1.0,-1.0,-1.0,-1.0
2960.0,20009216.0,20008833.0,20008450.0,20008067.0,20009217.0,20008834.0,20008451.0,20008068.0,20009218.0,20008835.0
2961.0,20008452.0,20008069.0,20009219.0,20008836.0,20008453.0,20008070.0,20009220.0,20008837.0,20008454.0,20008071.0
2962.0,20009221.0,20008838.0,20008455.0,20008072.0,20009222.0,20008839.0,20008456.0,20008073.0,20009223.0,20008840.0
2963.0,20008457.0,20008074.0,20009224.0,20008841.0,20008458.0,20008075.0,20009225.0,20008842.0,20008459.0,20008076.0
2964.0,20009226.0,20008843.0,20008460.0,20008077.0,20009227.0,20008844.0,20008461.0,20008078.0,20009228.0,20008845.0
2965.0,20008462.0,20008079.0,20009229.0,20008846.0,20008463.0,20008080.0,20009230.0,20008847.0,20008464.0,20008081.0
2966.0,20009231.0,20008848.0,20008465.0,20008082.0,20009232.0,20008849.0,20008466.0,20008083.0,20009233.0,20008850.0
2967.0,20008467.0,20008084.0,20009234.0,20008851.0,20008468.0,20008085.0,20009235.0,20008852.0,20008469.0,20008086.0
2968.0,20009236.0,20008853.0,20008470.0,20008087.0,20009237.0,20008854.0,20008471.0,20008088.0,20009238.0,20008855.0
2969.0,20008472.0,20008089.0,20009239.0,20008856.0,20008473.0,20008090.0,20009240.0,20008857.0,20008474.0,20008091.0
2970.0,20009241.0,20008858.0,20008475.0,20008092.0,20009242.0,20008859.0,20008476.0,20008093.0,20009243.0,20008860.0
2971.0,20008477.0,20008094.0,20009244.0,20008861.0,20008478.0,20008095.0,20009245.0,20008862.0,20008479.0,20008096.0
2972.0,20009246.0,20008863.0,20008480.0,20008097.0,20009247.0,20008864.0,20008481.0,20008098.0,20009248.0,20008865.0
2973.0,20008482.0,20008099.0,20009249.0,20008866.0,20008483.0,20008100.0,20009250.0,20008867.0,20008484.0,20008101.0
2974.0,20009251.0,20008868.0,20008485.0,20008102.0,20009252.0,20008869.0,20008486.0,20008103.0,20009253.0,20008870.0
2975.0,20008487.0,20008104.0,20009254.0,20008871.0,20008488.0,20008105.0,20009255.0,20008872.0,20008489.0,20008106.0
2976.0,20009256.0,20008873.0,20008490.0,20008107.0,20009257.0,20008874.0,20008491.0,20008108.0,20009258.0,20008875.0
2977.0,20008492.0,20008109.0,20009259.0,20008876.0,20008493.0,20008110.0,20009260.0,20008877.0,20008494.0,20008111.0
2978.0,20009261.0,20008878.0,20008495.0,20008112.0,20009262.0,20008879.0,20008496.0,20008113.0,20009263.0,20008880.0
2979.0,20008497.0,20008114.0,20009264.0,20008881.0,20008498.0,20008115.0,20009265.0,20008882.0,20008499.0,20008116.0
2980.0,20009266.0,20008883.0,20008500.0,20008117.0,20009267.0,20008884.0,20008501.0,20008118.0,20009268.0,20008885.0
2981.0,20008502.0,20008119.0,20009269.0,20008886.0,20008503.0,20008120.0,20009270.0,20008887.0,20008504.0,20008121.0
2982.0,20009271.0,20008888.0,20008505.0,20008122.0,20009272.0,20008889.0,20008506.0,20008123.0,20009273.0,20008890.0
2983.0,20008507.0,20008124.0,20009274.0,20008891.0,20008508.0,20008125.0,20009275.0,20008892.0,20008509.0,20008126.0
2984.0,20009276.0,20008893.0,20008510.0,20008127.0,20009277.0,20008894.0,20008511.0,20008128.0,20009278.0,20008895.0
2985.0,20008512.0,20008129.0,20009279.0,20008896.0,20008513.0,20008130.0,20009280.0,20008897.0,20008514.0,20008131.0
2986.0,20009281.0,20008898.0,20008515.0,20008132.0,20009282.0,20008899.0,20008516.0,20008133.0,20009283.0,20008900.0
2987.0,20008517.0,20008134.0,20009284.0,20008901.0,20008518.0,20008135.0,20009285.0,20008902.0,20008519.0,20008136.0
2988.0,20009286.0,20008903.0,20008520.0,20008137.0,20009287.0,20008904.0,20008521.0,20008138.0,20009288.0,20008905.0
2989.0,20008522.0,20008139.0,20009289.0,20008906.0,20008523.0,20008140.0,20009290.0,20008907.0,20008524.0,20008141.0
2990.0,20009291.0,20008908.0,20008525.0,20008142.0,20009292.0,20008909.0,20008526.0,20008143.0,20009293.0,20008910.0
2991.0,20008527.0,20008144.0,20009294.0,20008911.0,20008528.0,20008145.0,20009295.0,20008912.0,20008529.0,20008146.0
2992.0,20009296.0,20008913.0,20008530.0,20008147.0,20009297.0,20008914.0,20008531.0,20008148.0,20009298.0,20008915.0
2993.0,20008532.0,20008149.0,20009299.0,20008916.0,20008533.0,20008150.0,20009300.0,20008917.0,20008534.0,20008151.0
2994.0,20009301.0,20008918.0,20008535.0,20008152.0,20009302.0,20008919.0,20008536.0,20008153.0,20009303.0,20008920.0
2995.0,20008537.0,20008154.0,20009304.0,20008921.0,20008538.0,20008155.0,20009305.0,20008922.0,20008539.0,20008156.0
2996.0,20009306.0,20008923.0,20008540.0,20008157.0,20009307.0,20008924.0,20008541.0,20008158.0,20009308.0,20008925.0
2997.0,20008542.0,20008159.0,20009309.0,20008926.0,20008543.0,20008160.0,20009310.0,20008927.0,20008544.0,20008161.0
2998.0,20009311.0,20008928.0,20008545.0,20008162.0,20009312.0,20008929.0,20008546.0,20008163.0,20009313.0,20008930.0
2999.0,20008547.0,20008164.0,20009314.0,20008931.0,20008548.0,20008165.0,20009315.0,20008932.0,20008549.0,20008166.0
3000.0,20009316.0,20008933.0,20008550.0,20008167.0,20009317.0,20008934.0,20008551.0,20008168.0,20009318.0,20008935.0
3001.0,20008552.0,20008169.0,20009319.0,20008936.0,20008553.0,20008170.0,20009320.0,20008937.0,20008554.0,20008171.0
3002.0,20009321.0,20008938.0,20008555.0,20008172.0,20009322.0,20008939.0,20008556.0,20008173.0,20009323.0,20008940.0
3003.0,20008557.0,20008174.0,20009324.0,20008941.0,20008558.0,20008175.0,20009325.0,20008942.0,20008559.0,20008176.0
3004.0,20009326.0,20008943.0,20008560.0,20008177.0,20009327.0,20008944.0,20008561.0,20008178.0,20009328.0,20008945.0
3005.0,20008562.0,20008179.0,20009329.0,20008946.0,20008563.0,20008180.0,20009330.0,20008947.0,20008564.0,20008181.0
3006.0,20009331.0,20008948.0,20008565.0,20008182.0,20009332.0,20008949.0,20008566.0,20008183.0,20009333.0,20008950.0
3007.0,20008567.0,20008184.0,20009334.0,20008951.0,20008568.0,20008185.0,20009335.0,20008952.0,20008569.0,20008186.0
3008.0,20009336.0,20008953.0,20008570.0,20008187.0,20009337.0,20008954.0,20008571.0,20008188.0,20009338.0,20008955.0
3009.0,20008572.0,20008189.0,20009339.0,20008956.0,20008573.0,20008190.0,20009340.0,20008957.0,20008574.0,20008191.0
3010.0,20009341.0,20008958.0,20008575.0,20009342.0,20008959.0,20009343.0,20008064.0,20008448.0,20008065.0,20008832.0
3011.0,20008449.0,20008066.0,20009216.0,-1.0,-1.0,-1.0,-1.0,-1.0,-1.0,-1.0
3346.0,20008833.0,20008450.0,20008067.0,20009217.0,20008834.0,20008451.0,20008068.0,20009218.0,20008835.0,20008452.0
3347.0,20008069.0,20009219.0,20008836.0,20008453.0,20008070.0,20009220.0,20008837.0,20008454.0,20008071.0,20009221.0
3348.0,20008838.0,20008455.0,20008072.0,20009222.0,20008839.0,20008456.0,20008073.0,20009223.0,20008840.0,20008457.0
3349.0,20008074.0,20009224.0,20008841.0,20008458.0,20008075.0,20009225.0,20008842.0,20008459.0,20008076.0,20009226.0
3350.0,20008843.0,20008460.0,20008077.0,20009227.0,20008844.0,20008461.0,20008078.0,20009228.0,20008845.0,20008462.0
3351.0,20008079.0,20009229.0,20008846.0,20008463.0,20008080.0,20009230.0,20008847.0,20008464.0,20008081.0,20009231.0
3352.0,20008848.0,20008465.0,20008082.0,20009232.0,20008849.0,20008466.0,20008083.0,20009233.0,20008850.0,20008467.0
3353.0,20008084.0,20009234.0,20008851.0,20008468.0,20008085.0,20009235.0,20008852.0,20008469.0,20008086.0,20009236.0
3354.0,20008853.0,20008470.0,20008087.0,20009237.0,20008854.0,20008471.0,20008088.0,20009238.0,20008855.0,20008472.0
3355.0,20008089.0,20009239.0,20008856.0,20008473.0,20008090.0,20009240.0,20008857.0,20008474.0,20008091.0,20009241.0
3356.0,20008858.0,20008475.0,20008092.0,20009242.0,20008859.0,20008476.0,20008093.0,20009243.0,20008860.0,20008477.0
3357.0,20008094.0,20009244.0,20008861.0,20008478.0,20008095.0,20009245.0,20008862.0,20008479.0,20008096.0,20009246.0
3358.0,20008863.0,20008480.0,20008097.0,20009247.0,20008864.0,20008481.0,20008098.0,20009248.0,20008865.0,20008482.0
3359.0,20008099.0,20009249.0,20008866.0,20008483.0,20008100.0,20009250.0,20008867.0,20008484.0,20008101.0,20009251.0
3360.0,20008868.0,20008485.0,20008102.0,20009252.0,20008869.0,20008486.0,20008103.0,20009253.0,20008870.0,20008487.0
3361.0,20008104.0,20009254.0,20008871.0,20008488.0,20008105.0,20009255.0,20008872.0,20008489.0,20008106.0,20009256.0
3362.0,20008873.0,20008490.0,20008107.0,20009257.0,20008874.0,20008491.0,20008108.0,20009258.0,20008875.0,20008492.0
3363.0,20008109.0,20009259.0,20008876.0,20008493.0,20008110.0,20009260.0,20008877.0,20008494.0,20008111.0,20009261.0
3364.0,20008878.0,20008495.0,20008112.0,20009262.0,20008879.0,20008496.0,20008113.0,20009263.0,20008880.0,20008497.0
3365.0,20008114.0,20009264.0,20008881.0,20008498.0,20008115.0,20009265.0,20008882.0,20008499.0,20008116.0,20009266.0
3366.0,20008883.0,20008500.0,20008117.0,20009267.0,20008884.0,20008501.0,20008118.0,20009268.0,20008885.0,20008502.0
3367.0,20008119.0,20009269.0,20008886.0,20008503.0,20008120.0,20009270.0,20008887.0,20008504.0,20008121.0,20009271.0
3368.0,20008888.0,20008505.0,20008122.0,20009272.0,20008889.0,20008506.0,20008123.0,20009273.0,20008890.0,20008507.0
3369.0,20008124.0,20009274.0,20008891.0,20008508.0,20008125.0,20009275.0,20008892.0,20008509.0,20008126.0,20009276.0
3370.0,20008893.0,20008510.0,20008127.0,20009277.0,20008894.0,20008511.0,20008128.0,20009278.0,20008895.0,20008512.0
3371.0,20008129.0,20009279.0,20008896.0,20008513.0,20008130.0,20009280.0,20008897.0,20008514.0,20008131.0,20009281.0
3372.0,20008898.0,20008515.0,20008132.0,20009282.0,20008899.0,20008516.0,20008133.0,20009283.0,20008900.0,20008517.0
3373.0,20008134.0,20009284.0,20008901.0,20008518.0,20008135.0,20009285.0,20008902.0,20008519.0,20008136.0,20009286.0
3374.0,20008903.0,20008520.0,20008137.0,20009287.0,20008904.0,20008521.0,20008138.0,20009288.0,20008905.0,20008522.0
3375.0,20008139.0,20009289.0,20008906.0,20008523.0,20008140.0,20009290.0,20008907.0,20008524.0,20008141.0,20009291.0
3376.0,20008908.0,20008525.0,20008142.0,20009292.0,20008909.0,20008526.0,20008143.0,20009293.0,20008910.0,20008527.0
3377.0,20008144.0,20009294.0,20008911.0,20008528.0,20008145.0,20009295.0,20008912.0,20008529.0,20008146.0,20009296.0
3378.0,20008913.0,20008530.0,20008147.0,20009297.0,20008914.0,20008531.0,20008148.0,20009298.0,20008915.0,20008532.0
3379.0,20008149.0,20009299.0,20008916.0,20008533.0,20008150.0,20009300.0,20008917.0,20008534.0,20008151.0,20009301.0
3380.0,20008918.0,20008535.0,20008152.0,20009302.0,20008919.0,20008536.0,20008153.0,20009303.0,20008920.0,20008537.0
3381.0,20008154.0,20009304.0,20008921.0,20008538.0,20008155.0,20009305.0,20008922.0,20008539.0,20008156.0,20009306.0
3382.0,20008923.0,20008540.0,20008157.0,20009307.0,20008924.0,20008541.0,20008158.0,20009308.0,20008925.0,20008542.0
3383.0,20008159.0,20009309.0,20008926.0,20008543.0,20008160.0,20009310.0,20008927.0,20008544.0,20008161.0,20009311.0
3384.0,20008928.0,20008545.0,20008162.0,20009312.0,20008929.0,20008546.0,20008163.0,20009313.0,20008930.0,20008547.0
3385.0,20008164.0,20009314.0,20008931.0,20008548.0,20008165.0,20009315.0,20008932.0,20008549.0,20008166.0,20009316.0
3386.0,20008933.0,20008550.0,20008167.0,20009317.0,20008934.0,20008551.0,20008168.0,20009318.0,20008935.0,20008552.0
3387.0,20008169.0,20009319.0,20008936.0,20008553.0,20008170.0,20009320.0,20008937.0,20008554.0,20008171.0,20009321.0
3388.0,20008938.0,20008555.0,20008172.0,20009322.0,20008939.0,20008556.0,20008173.0,20009323.0,20008940.0,20008557.0
3389.0,20008174.0,20009324.0,20008941.0,20008558.0,20008175.0,20009325.0,20008942.0,20008559.0,20008176.0,20009326.0
3390.0,20008943.0,20008560.0,20008177.0,20009327.0,20008944.0,20008561.0,20008178.0,20009328.0,20008945.0,20008562.0
3391.0,20008179.0,20009329.0,20008946.0,20008563.0,20008180.0,20009330.0,20008947.0,20008564.0,20008181.0,20009331.0
3392.0,20008948.0,20008565.0,20008182.0,20009332.0,20008949.0,20008566.0,20008183.0,20009333.0,20008950.0,20008567.0
3393.0,20008184.0,20009334.0,20008951.0,20008568.0,20008185.0,20009335.0,20008952.0,20008569.0,20008186.0,20009336.0
3394.0,20008953.0,20008570.0,20008187.0,20009337.0,20008954.0,20008571.0,20008188.0,20009338.0,20008955.0,20008572.0
3395.0,20008189.0,20009339.0,20008956.0,20008573.0,20008190.0,20009340.0,20008957.0,20008574.0,20008191.0,20009341.0
3396.0,20008958.0,20008575.0,20009342.0,20008959.0,20009343.0,20008064.0,20008448.0,20008065.0,20008832.0,20008449.0
3397.0,20008066.0,20009216.0,20008833.0,-1.0,-1.0,-1.0,-1.0,-1.0,-1.0,-1.0
3732.0,20008450.0,20008067.0,20009217.0,20008834.0,20008451.0,20008068.0,20009218.0,20008835.0,20008452.0,20008069.0
3733.0,20009219.0,20008836.0,20008453.0,20008070.0,20009220.0,20008837.0,20008454.0,20008071.0,20009221.0,20008838.0
3734.0,20008455.0,20008072.0,20009222.0,20008839.0,20008456.0,20008073.0,20009223.0,20008840.0,20008457.0,20008074.0
3735.0,20009224.0,20008841.0,20008458.0,20008075.0,20009225.0,20008842.0,20008459.0,20008076.0,20009226.0,20008843.0
3736.0,20008460.0,20008077.0,20009227.0,20008844.0,20008461.0,20008078.0,20009228.0,20008845.0,20008462.0,20008079.0
3737.0,20009229.0,20008846.0,20008463.0,20008080.0,20009230.0,20008847.0,20008464.0,20008081.0,20009231.0,20008848.0
3738.0,20008465.0,20008082.0,20009232.0,20008849.0,20008466.0,20008083.0,20009233.0,20008850.0,20008467.0,20008084.0
3739.0,20009234.0,20008851.0,20008468.0,20008085.0,20009235.0,20008852.0,20008469.0,20008086.0,20009236.0,20008853.0
3740.0,20008470.0,20008087.0,20009237.0,20008854.0,20008471.0,20008088.0,20009238.0,20008855.0,20008472.0,20008089.0
3741.0,20009239.0,20008856.0,20008473.0,20008090.0,20009240.0,20008857.0,20008474.0,20008091.0,20009241.0,20008858.0
3742.0,20008475.0,20008092.0,20009242.0,20008859.0,20008476.0,20008093.0,20009243.0,20008860.0,20008477.0,20008094.0
3743.0,20009244.0,20008861.0,20008478.0,20008095.0,20009245.0,20008862.0,20008479.0,20008096.0,20009246.0,20008863.0
3744.0,20008480.0,20008097.0,20009247.0,20008864.0,20008481.0,20008098.0,20009248.0,20008865.0,20008482.0,20008099.0
3745.0,20009249.0,20008866.0,20008483.0,20008100.0,20009250.0,20008867.0,20008484.0,20008101.0,20009251.0,20008868.0
3746.0,20008485.0,20008102.0,20009252.0,20008869.0,20008486.0,20008103.0,20009253.0,20008870.0,20008487.0,20008104.0
3747.0,20009254.0,20008871.0,20008488.0,20008105.0,20009255.0,20008872.0,20008489.0,20008106.0,20009256.0,20008873.0
3748.0,20008490.0,20008107.0,20009257.0,20008874.0,20008491.0,20008108.0,20009258.0,20008875.0,20008492.0,20008109.0
3749.0,20009259.0,20008876.0,20008493.0,20008110.0,20009260.0,20008877.0,20008494.0,20008111.0,20009261.0,20008878.0
3750.0,20008495.0,20008112.0,20009262.0,20008879.0,20008496.0,20008113.0,20009263.0,20008880.0,20008497.0,20008114.0
3751.0,20009264.0,20008881.0,20008498.0,20008115.0,20009265.0,20008882.0,20008499.0,20008116.0,20009266.0,20008883.0
3752.0,20008500.0,20008117.0,20009267.0,20008884.0,20008501.0,20008118.0,20009268.0,20008885.0,20008502.0,20008119.0
3753.0,20009269.0,20008886.0,20008503.0,20008120.0,20009270.0,20008887.0,20008504.0,20008121.0,20009271.0,20008888.0
3754.0,20008505.0,20008122.0,20009272.0,20008889.0,20008506.0,20008123.0,20009273.0,20008890.0,20008507.0,20008124.0
3755.0,20009274.0,20008891.0,20008508.0,20008125.0,20009275.0,20008892.0,20008509.0,20008126.0,20009276.0,20008893.0
3756.0,20008510.0,20008127.0,20009277.0,20008894.0,20008511.0,20008128.0,20009278.0,20008895.0,20008512.0,20008129.0
3757.0,20009279.0,20008896.0,20008513.0,20008130.0,20009280.0,20008897.0,20008514.0,20008131.0,20009281.0,20008898.0
3758.0,20008515.0,20008132.0,20009282.0,20008899.0,20008516.0,20008133.0,20009283.0,20008900.0,20008517.0,20008134.0
3759.0,20009284.0,20008901.0,20008518.0,20008135.0,20009285.0,20008902.0,20008519.0,20008136.0,20009286.0,20008903.0
3760.0,20008520.0,20008137.0,20009287.0,20008904.0,20008521.0,20008138.0,20009288.0,20008905.0,20008522.0,20008139.0
3761.0,20009289.0,20008906.0,20008523.0,20008140.0,20009290.0,20008907.0,20008524.0,20008141.0,20009291.0,20008908.0
3762.0,20008525.0,20008142.0,20009292.0,20008909.0,20008526.0,20008143.0,20009293.0,20008910.0,20008527.0,20008144.0
3763.0,20009294.0,20008911.0,20008528.0,20008145.0,20009295.0,20008912.0,20008529.0,20008146.0,20009296.0,20008913.0
3764.0,20008530.0,20008147.0,20009297.0,20008914.0,20008531.0,20008148.0,20009298.0,20008915.0,20008532.0,20008149.0
3765.0,20009299.0,20008916.0,20008533.0,20008150.0,20009300.0,20008917.0,20008534.0,20008151.0,20009301.0,20008918.0
3766.0,20008535.0,20008152.0,20009302.0,20008919.0,20008536.0,20008153.0,20009303.0,20008920.0,20008537.0,20008154.0
3767.0,20009304.0,20008921.0,20008538.0,20008155.0,20009305.0,20008922.0,20008539.0,20008156.0,20009306.0,20008923.0
3768.0,20008540.0,20008157.0,20009307.0,20008924.0,20008541.0,20008158.0,20009308.0,20008925.0,20008542.0,20008159.0
3769.0,20009309.0,20008926.0,20008543.0,20008160.0,20009310.0,20008927.0,20008544.0,20008161.0,20009311.0,20008928.0
3770.0,20008545.0,20008162.0,20009312.0,20008929.0,20008546.0,20008163.0,20009313.0,20008930.0,20008547.0,20008164.0
3771.0,20009314.0,20008931.0,20008548.0,20008165.0,20009315.0,20008932.0,20008549.0,20008166.0,20009316.0,20008933.0
3772.0,20008550.0,20008167.0,20009317.0,20008934.0,20008551.0,20008168.0,20009318.0,20008935.0,20008552.0,20008169.0
3773.0,20009319.0,20008936.0,20008553.0,20008170.0,20009320.0,20008937.0,20008554.0,20008171.0,20009321.0,20008938.0
3774.0,20008555.0,20008172.0,20009322.0,20008939.0,20008556.0,20008173.0,20009323.0,20008940.0,20008557.0,20008174.0
3775.0,20009324.0,20008941.0,20008558.0,20008175.0,20009325.0,20008942.0,20008559.0,20008176.0,20009326.0,20008943.0
3776.0,20008560.0,20008177.0,20009327.0,20008944.0,20008561.0,20008178.0,20009328.0,20008945.0,20008562.0,20008179.0
3777.0,20009329.0,20008946.0,20008563.0,20008180.0,20009330.0,20008947.0,20008564.0,20008181.0,20009331.0,20008948.0
3778.0,20008565.0,20008182.0,20009332.0,20008949.0,20008566.0,20008183.0,20009333.0,20008950.0,20008567.0,20008184.0
3779.0,20009334.0,20008951.0,20008568.0,20008185.0,20009335.0,20008952.0,20008569.0,20008186.0,20009336.0,20008953.0
3780.0,20008570.0,20008187.0,20009337.0,20008954.0,20008571.0,20008188.0,20009338.0,20008955.0,20008572.0,20008189.0
3781.0,20009339.0,20008956.0,20008573.0,20008190.0,20009340.0,20008957.0,20008574.0,20008191.0,20009341.0,20008958.0
3782.0,20008575.0,20009342.0,20008959.0,20009343.0,20008064.0,20008448.0,20008065.0,20008832.0,20008449.0,20008066.0
3783.0,20009216.0,20008833.0,20008450.0,-1.0,-1.0,-1.0,-1.0,-1.0,-1.0,-1.0
4118.0,20008067.0,20009217.0,20008834.0,20008451.0,20008068.0,20009218.0,20008835.0,20008452.0,20008069.0,20009219.0
4119.0,20008836.0,20008453.0,20008070.0,20009220.0,20008837.0,20008454.0,20008071.0,20009221.0,20008838.0,20008455.0
4120.0,20008072.0,20009222.0,20008839.0,20008456.0,20008073.0,20009223.0,20008840.0,20008457.0,20008074.0,20009224.0
4121.0,20008841.0,20008458.0,20008075.0,20009225.0,20008842.0,20008459.0,20008076.0,20009226.0,20008843.0,20008460.0
4122.0,20008077.0,20009227.0,20008844.0,20008461.0,20008078.0,20009228.0,20008845.0,20008462.0,20008079.0,20009229.0
4123.0,20008846.0,20008463.0,20008080.0,20009230.0,20008847.0,20008464.0,20008081.0,20009231.0,20008848.0,20008465.0
4124.0,20008082.0,20009232.0,20008849.0,20008466.0,20008083.0,20009233.0,20008850.0,20008467.0,20008084.0,20009234.0
4125.0,20008851.0,20008468.0,20008085.0,20009235.0,20008852.0,20008469.0,20008086.0,20009236.0,20008853.0,20008470.0
4126.0,20008087.0,20009237.0,20008854.0,20008471.0,20008088.0,20009238.0,20008855.0,20008472.0,20008089.0,20009239.0
4127.0,20008856.0,20008473.0,20008090.0,20009240.0,20008857.0,20008474.0,20008091.0,20009241.0,20008858.0,20008475.0
4128.0,20008092.0,20009242.0,20008859.0,20008476.0,20008093.0,20009243.0,20008860.0,20008477.0,20008094.0,20009244.0
4129.0,20008861.0,20008478.0,20008095.0,20009245.0,20008862.0,20008479.0,20008096.0,20009246.0,20008863.0,20008480.0
4130.0,20008097.0,20009247.0,20008864.0,20008481.0,20008098.0,20009248.0,20008865.0,20008482.0,20008099.0,20009249.0
4131.0,20008866.0,20008483.0,20008100.0,20009250.0,20008867.0,20008484.0,20008101.0,20009251.0,20008868.0,20008485.0
4132.0,20008102.0,20009252.0,20008869.0,20008486.0,20008103.0,20009253.0,20008870.0,20008487.0,20008104.0,20009254.0
4133.0,20008871.0,20008488.0,20008105.0,20009255.0,20008872.0,20008489.0,20008106.0,20009256.0,20008873.0,20008490.0
4134.0,20008107.0,20009257.0,20008874.0,20008491.0,20008108.0,20009258.0,20008875.0,20008492.0,20008109.0,20009259.0
4135.0,20008876.0,20008493.0,20008110.0,20009260.0,20008877.0,20008494.0,20008111.0,20009261.0,20008878.0,20008495.0
4136.0,20008112.0,20009262.0,20008879.0,20008496.0,20008113.0,20009263.0,20008880.0,20008497.0,20008114.0,20009264.0
4137.0,20008881.0,20008498.0,20008115.0,20009265.0,20008882.0,20008499.0,20008116.0,20009266.0,20008883.0,20008500.0
4138.0,20008117.0,20009267.0,20008884.0,20008501.0,20008118.0,20009268.0,20008885.0,20008502.0,20008119.0,20009269.0
4139.0,20008886.0,20008503.0,20008120.0,20009270.0,20008887.0,20008504.0,20008121.0,20009271.0,20008888.0,20008505.0
4140.0,20008122.0,20009272.0,20008889.0,20008506.0,20008123.0,20009273.0,20008890.0,20008507.0,20008124.0,20009274.0
4141.0,20008891.0,20008508.0,20008125.0,20009275.0,20008892.0,20008509.0,20008126.0,20009276.0,20008893.0,20008510.0
4142.0,20008127.0,20009277.0,20008894.0,20008511.0,20008128.0,20009278.0,20008895.0,20008512.0,20008129.0,20009279.0
4143.0,20008896.0,20008513.0,20008130.0,20009280.0,20008897.0,20008514.0,20008131.0,20009281.0,20008898.0,20008515.0
4144.0,20008132.0,20009282.0,20008899.0,20008516.0,20008133.0,20009283.0,20008900.0,20008517.0,20008134.0,20009284.0
4145.0,20008901.0,20008518.0,20008135.0,20009285.0,20008902.0,20008519.0,20008136.0,20009286.0,20008903.0,20008520.0
4146.0,20008137.0,20009287.0,20008904.0,20008521.0,20008138.0,20009288.0,20008905.0,20008522.0,20008139.0,20009289.0
4147.0,20008906.0,20008523.0,20008140.0,20009290.0,20008907.0,20008524.0,20008141.0,20009291.0,20008908.0,20008525.0
4148.0,20008142.0,20009292.0,20008909.0,20008526.0,20008143.0,20009293.0,20008910.0,20008527.0,20008144.0,20009294.0
4149.0,20008911.0,20008528.0,20008145.0,20009295.0,20008912.0,20008529.0,20008146.0,20009296.0,20008913.0,20008530.0
4150.0,20008147.0,20009297.0,20008914.0,20008531.0,20008148.0,20009298.0,20008915.0,20008532.0,20008149.0,20009299.0
4151.0,20008916.0,20008533.0,20008150.0,20009300.0,20008917.0,20008534.0,20008151.0,20009301.0,20008918.0,20008535.0
4152.0,20008152.0,20009302.0,20008919.0,20008536.0,20008153.0,20009303.0,20008920.0,20008537.0,20008154.0,20009304.0
4153.0,20008921.0,20008538.0,20008155.0,20009305.0,20008922.0,20008539.0,20008156.0,20009306.0,20008923.0,20008540.0
4154.0,20008157.0,20009307.0,20008924.0,20008541.0,20008158.0,20009308.0,20008925.0,20008542.0,20008159.0,20009309.0
4155.0,20008926.0,20008543.0,20008160.0,20009310.0,20008927.0,20008544.0,20008161.0,20009311.0,20008928.0,20008545.0
4156.0,20008162.0,20009312.0,20008929.0,20008546.0,20008163.0,20009313.0,20008930.0,20008547.0,20008164.0,20009314.0
4157.0,20008931.0,20008548.0,20008165.0,20009315.0,20008932.0,20008549.0,20008166.0,20009316.0,20008933.0,20008550.0
4158.0,20008167.0,20009317.0,20008934.0,20008551.0,20008168.0,20009318.0,20008935.0,20008552.0,20008169.0,20009319.0
4159.0,20008936.0,20008553.0,20008170.0,20009320.0,20008937.0,20008554.0,20008171.0,20009321.0,20008938.0,20008555.0
4160.0,20008172.0,20009322.0,20008939.0,20008556.0,20008173.0,20009323.0,20008940.0,20008557.0,20008174.0,20009324.0
4161.0,20008941.0,20008558.0,20008175.0,20009325.0,20008942.0,20008559.0,20008176.0,20009326.0,20008943.0,20008560.0
4162.0,20008177.0,20009327.0,20008944.0,20008561.0,20008178.0,20009328.0,20008945.0,20008562.0,20008179.0,20009329.0
4163.0,20008946.0,20008563.0,20008180.0,20009330.0,20008947.0,20008564.0,20008181.0,20009331.0,20008948.0,20008565.0
4164.0,20008182.0,20009332.0,20008949.0,20008566.0,20008183.0,20009333.0,20008950.0,20008567.0,20008184.0,20009334.0
4165.0,20008951.0,20008568.0,20008185.0,20009335.0,20008952.0,20008569.0,20008186.0,20009336.0,20008953.0,20008570.0
4166.0,20008187.0,20009337.0,20008954.0,20008571.0,20008188.0,20009338.0,20008955.0,20008572.0,20008189.0,20009339.0
4167.0,20008956.0,20008573.0,20008190.0,20009340.0,20008957.0,20008574.0,20008191.0,20009341.0,20008958.0,20008575.0
4168.0,20009342.0,20008959.0,20009343.0,20008064.0,20008448.0,20008065.0,20008832.0,20008449.0,20008066.0,20009216.0
4169.0,20008833.0,20008450.0,20008067.0,-1.0,-1.0,-1.0,-1.0,-1.0,-1.0,-1.0
4505.0,20009217.0,20008834.0,20008451.0,20008068.0,20009218.0,20008835.0,20008452.0,20008069.0,20009219.0,20008836.0
4506.0,20008453.0,20008070.0,20009220.0,20008837.0,20008454.0,20008071.0,20009221.0,20008838.0,20008455.0,20008072.0
4507.0,20009222.0,20008839.0,20008456.0,20008073.0,20009223.0,20008840.0,20008457.0,20008074.0,20009224.0,20008841.0
4508.0,20008458.0,20008075.0,20009225.0,20008842.0,20008459.0,20008076.0,20009226.0,20008843.0,20008460.0,20008077.0
4509.0,20009227.0,20008844.0,20008461.0,20008078.0,20009228.0,20008845.0,20008462.0,20008079.0,20009229.0,20008846.0
4510.0,20008463.0,20008080.0,20009230.0,20008847.0,20008464.0,20008081.0,20009231.0,20008848.0,20008465.0,20008082.0
4511.0,20009232.0,20008849.0,20008466.0,20008083.0,20009233.0,20008850.0,20008467.0,20008084.0,20009234.0,20008851.0
4512.0,20008468.0,20008085.0,20009235.0,20008852.0,20008469.0,20008086.0,20009236.0,20008853.0,20008470.0,20008087.0
4513.0,20009237.0,20008854.0,20008471.0,20008088.0,20009238.0,20008855.0,20008472.0,20008089.0,20009239.0,20008856.0
4514.0,20008473.0,20008090.0,20009240.0,20008857.0,20008474.0,20008091.0,20009241.0,20008858.0,20008475.0,20008092.0
4515.0,20009242.0,20008859.0,20008476.0,20008093.0,20009243.0,20008860.0,20008477.0,20008094.0,20009244.0,20008861.0
4516.0,20008478.0,20008095.0,20009245.0,20008862.0,20008479.0,20008096.0,20009246.0,20008863.0,20008480.0,20008097.0
4517.0,20009247.0,20008864.0,20008481.0,20008098.0,20009248.0,20008865.0,20008482.0,20008099.0,20009249.0,20008866.0
4518.0,20008483.0,20008100.0,20009250.0,20008867.0,20008484.0,20008101.0,20009251.0,20008868.0,20008485.0,20008102.0
4519.0,20009252.0,20008869.0,20008486.0,20008103.0,20009253.0,20008870.0,20008487.0,20008104.0,20009254.0,20008871.0
4520.0,20008488.0,20008105.0,20009255.0,20008872.0,20008489.0,20008106.0,20009256.0,20008873.0,20008490.0,20008107.0
4521.0,20009257.0,20008874.0,20008491.0,20008108.0,20009258.0,20008875.0,20008492.0,20008109.0,20009259.0,20008876.0
4522.0,20008493.0,20008110.0,20009260.0,20008877.0,20008494.0,20008111.0,20009261.0,20008878.0,20008495.0,20008112.0
4523.0,20009262.0,20008879.0,20008496.0,20008113.0,20009263.0,20008880.0,20008497.0,20008114.0,20009264.0,20008881.0
4524.0,20008498.0,20008115.0,20009265.0,20008882.0,20008499.0,20008116.0,20009266.0,20008883.0,20008500.0,20008117.0
4525.0,20009267.0,20008884.0,20008501.0,20008118.0,20009268.0,20008885.0,20008502.0,20008119.0,20009269.0,20008886.0
4526.0,20008503.0,20008120.0,20009270.0,20008887.0,20008504.0,20008121.0,20009271.0,20008888.0,20008505.0,20008122.0
4527.0,20009272.0,20008889.0,20008506.0,20008123.0,20009273.0,20008890.0,20008507.0,20008124.0,20009274.0,20008891.0
4528.0,20008508.0,20008125.0,20009275.0,20008892.0,20008509.0,20008126.0,20009276.0,20008893.0,20008510.0,20008127.0
4529.0,20009277.0,20008894.0,20008511.0,20008128.0,20009278.0,20008895.0,20008512.0,20008129.0,20009279.0,20008896.0
4530.0,20008513.0,20008130.0,20009280.0,20008897.0,20008514.0,20008131.0,20009281.0,20008898.0,20008515.0,20008132.0
4531.0,20009282.0,20008899.0,20008516.0,20008133.0,20009283.0,20008900.0,20008517.0,20008134.0,20009284.0,20008901.0
4532.0,20008518.0,20008135.0,20009285.0,20008902.0,20008519.0,20008136.0,20009286.0,20008903.0,20008520.0,20008137.0
4533.0,20009287.0,20008904.0,20008521.0,20008138.0,20009288.0,20008905.0,20008522.0,20008139.0,20009289.0,20008906.0
4534.0,20008523.0,20008140.0,20009290.0,20008907.0,20008524.0,20008141.0,20009291.0,20008908.0,20008525.0,20008142.0
4535.0,20009292.0,20008909.0,20008526.0,20008143.0,20009293.0,20008910.0,20008527.0,20008144.0,20009294.0,20008911.0
4536.0,20008528.0,20008145.0,20009295.0,20008912.0,20008529.0,20008146.0,20009296.0,20008913.0,20008530.0,20008147.0
4537.0,20009297.0,20008914.0,20008531.0,20008148.0,20009298.0,20008915.0,20008532.0,20008149.0,20009299.0,20008916.0
4538.0,20008533.0,20008150.0,20009300.0,20008917.0,20008534.0,20008151.0,20009301.0,20008918.0,20008535.0,20008152.0
4539.0,20009302.0,20008919.0,20008536.0,20008153.0,20009303.0,20008920.0,20008537.0,20008154.0,20009304.0,20008921.0
4540.0,20008538.0,20008155.0,20009305.0,20008922.0,20008539.0,20008156.0,20009306.0,20008923.0,20008540.0,20008157.0
4541.0,20009307.0,20008924.0,20008541.0,20008158.0,20009308.0,20008925.0,20008542.0,20008159.0,20009309.0,20008926.0
4542.0,20008543.0,20008160.0,20009310.0,20008927.0,20008544.0,20008161.0,20009311.0,20008928.0,20008545.0,20008162.0
4543.0,20009312.0,20008929.0,20008546.0,20008163.0,20009313.0,20008930.0,20008547.0,20008164.0,20009314.0,20008931.0
4544.0,20008548.0,20008165.0,20009315.0,20008932.0,20008549.0,20008166.0,20009316.0,20008933.0,20008550.0,20008167.0
4545.0,20009317.0,20008934.0,20008551.0,20008168.0,20009318.0,20008935.0,20008552.0,20008169.0,20009319.0,20008936.0
4546.0,20008553.0,20008170.0,20009320.0,20008937.0,20008554.0,20008171.0,20009321.0,20008938.0,20008555.0,20008172.0
4547.0,20009322.0,20008939.0,20008556.0,20008173.0,20009323.0,20008940.0,20008557.0,20008174.0,20009324.0,20008941.0
4548.0,20008558.0,20008175.0,20009325.0,20008942.0,20008559.0,20008176.0,20009326.0,20008943.0,20008560.0,20008177.0
4549.0,20009327.0,20008944.0,20008561.0,20008178.0,20009328.0,20008945.0,20008562.0,20008179.0,20009329.0,20008946.0
4550.0,20008563.0,20008180.0,20009330.0,20008947.0,20008564.0,20008181.0,20009331.0,20008948.0,20008565.0,20008182.0
4551.0,20009332.0,20008949.0,20008566.0,20008183.0,20009333.0,20008950.0,20008567.0,20008184.0,20009334.0,20008951.0
4552.0,20008568.0,20008185.0,20009335.0,20008952.0,20008569.0,20008186.0,20009336.0,20008953.0,20008570.0,20008187.0
4553.0,20009337.0,20008954.0,20008571.0,20008188.0,20009338.0,20008955.0,20008572.0,20008189.0,20009339.0,20008956.0
4554.0,20008573.0,20008190.0,20009340.0,20008957.0,20008574.0,20008191.0,20009341.0,20008958.0,20008575.0,20009342.0
4555.0,20008959.0,20009343.0,20008064.0,20008448.0,20008065.0,20008832.0,20008449.0,20008066.0,20009216.0,20008833.0
4556.0,20008450.0,20008067.0,20009217.0,-1.0,-1.0,-1.0,-1.0,-1.0,-1.0,-1.0
4891.0,20008834.0,20008451.0,20008068.0,20009218.0,20008835.0,20008452.0,20008069.0,20009219.0,20008836.0,20008453.0
4892.0,20008070.0,20009220.0,20008837.0,20008454.0,20008071.0,20009221.0,20008838.0,20008455.0,20008072.0,20009222.0
4893.0,20008839.0,20008456.0,20008073.0,20009223.0,20008840.0,20008457.0,20008074.0,20009224.0,20008841.0,20008458.0
4894.0,20008075.0,20009225.0,20008842.0,20008459.0,20008076.0,20009226.0,20008843.0,20008460.0,20008077.0,20009227.0
4895.0,20008844.0,20008461.0,20008078.0,20009228.0,20008845.0,20008462.0,20008079.0,20009229.0,20008846.0,20008463.0
4896.0,20008080.0,20009230.0,20008847.0,20008464.0,20008081.0,20009231.0,20008848.0,20008465.0,20008082.0,20009232.0
4897.0,20008849.0,20008466.0,20008083.0,20009233.0,20008850.0,20008467.0,20008084.0,20009234.0,20008851.0,20008468.0
4898.0,20008085.0,20009235.0,20008852.0,20008469.0,20008086.0,20009236.0,20008853.0,20008470.0,20008087.0,20009237.0
4899.0,20008854.0,20008471.0,20008088.0,20009238.0,20008855.0,20008472.0,20008089.0,20009239.0,20008856.0,20008473.0
4900.0,20008090.0,20009240.0,20008857.0,20008474.0,20008091.0,20009241.0,20008858.0,20008475.0,20008092.0,20009242.0
4901.0,20008859.0,20008476.0,20008093.0,20009243.0,20008860.0,20008477.0,20008094.0,20009244.0,20008861.0,20008478.0
4902.0,20008095.0,20009245.0,20008862.0,20008479.0,20008096.0,20009246.0,20008863.0,20008480.0,20008097.0,20009247.0
4903.0,20008864.0,20008481.0,20008098.0,20009248.0,20008865.0,20008482.0,20008099.0,20009249.0,20008866.0,20008483.0
4904.0,20008100.0,20009250.0,20008867.0,20008484.0,20008101.0,20009251.0,20008868.0,20008485.0,20008102.0,20009252.0
4905.0,20008869.0,20008486.0,20008103.0,20009253.0,20008870.0,20008487.0,20008104.0,20009254.0,20008871.0,20008488.0
4906.0,20008105.0,20009255.0,20008872.0,20008489.0,20008106.0,20009256.0,20008873.0,20008490.0,20008107.0,20009257.0
4907.0,20008874.0,20008491.0,20008108.0,20009258.0,20008875.0,20008492.0,20008109.0,20009259.0,20008876.0,20008493.0
4908.0,20008110.0,20009260.0,20008877.0,20008494.0,20008111.0,20009261.0,20008878.0,20008495.0,20008112.0,20009262.0
4909.0,20008879.0,20008496.0,20008113.0,20009263.0,20008880.0,20008497.0,20008114.0,20009264.0,20008881.0,20008498.0
4910.0,20008115.0,20009265.0,20008882.0,20008499.0,20008116.0,20009266.0,20008883.0,20008500.0,20008117.0,20009267.0
4911.0,20008884.0,20008501.0,20008118.0,20009268.0,20008885.0,20008502.0,20008119.0,20009269.0,20008886.0,20008503.0
4912.0,20008120.0,20009270.0,20008887.0,20008504.0,20008121.0,20009271.0,20008888.0,20008505.0,20008122.0,20009272.0
4913.0,20008889.0,20008506.0,20008123.0,20009273.0,20008890.0,20008507.0,20008124.0,20009274.0,20008891.0,20008508.0
4914.0,20008125.0,20009275.0,20008892.0,20008509.0,20008126.0,20009276.0,20008893.0,20008510.0,20008127.0,20009277.0
4915.0,20008894.0,20008511.0,20008128.0,20009278.0,20008895.0,20008512.0,20008129.0,20009279.0,20008896.0,20008513.0
4916.0,20008130.0,20009280.0,20008897.0,20008514.0,20008131.0,20009281.0,20008898.0,20008515.0,20008132.0,20009282.0
4917.0,20008899.0,20008516.0,20008133.0,20009283.0,20008900.0,20008517.0,20008134.0,20009284.0,20008901.0,20008518.0
4918.0,20008135.0,20009285.0,20008902.0,20008519.0,20008136.0,20009286.0,20008903.0,20008520.0,20008137.0,20009287.0
4919.0,20008904.0,20008521.0,20008138.0,20009288.0,20008905.0,20008522.0,20008139.0,20009289.0,20008906.0,20008523.0
4920.0,20008140.0,20009290.0,20008907.0,20008524.0,20008141.0,20009291.0,20008908.0,20008525.0,20008142.0,20009292.0
4921.0,20008909.0,20008526.0,20008143.0,20009293.0,20008910.0,20008527.0,20008144.0,20009294.0,20008911.0,20008528.0
4922.0,20008145.0,20009295.0,20008912.0,20008529.0,20008146.0,20009296.0,20008913.0,20008530.0,20008147.0,20009297.0
4923.0,20008914.0,20008531.0,20008148.0,20009298.0,20008915.0,20008532.0,20008149.0,20009299.0,20008916.0,20008533.0
4924.0,20008150.0,20009300.0,20008917.0,20008534.0,20008151.0,20009301.0,20008918.0,20008535.0,20008152.0,20009302.0
4925.0,20008919.0,20008536.0,20008153.0,20009303.0,20008920.0,20008537.0,20008154.0,20009304.0,20008921.0,20008538.0
4926.0,20008155.0,20009305.0,20008922.0,20008539.0,20008156.0,20009306.0,20008923.0,20008540.0,20008157.0,20009307.0
4927.0,20008924.0,20008541.0,20008158.0,20009308.0,20008925.0,20008542.0,20008159.0,20009309.0,20008926.0,20008543.0
4928.0,20008160.0,20009310.0,20008927.0,20008544.0,20008161.0,20009311.0,20008928.0,20008545.0,20008162.0,20009312.0
4929.0,20008929.0,20008546.0,20008163.0,20009313.0,20008930.0,20008547.0,20008164.0,20009314.0,20008931.0,20008548.0
4930.0,20008165.0,20009315.0,20008932.0,20008549.0,20008166.0,20009316.0,20008933.0,20008550.0,20008167.0,20009317.0
4931.0,20008934.0,20008551.0,20008168.0,20009318.0,20008935.0,20008552.0,20008169.0,20009319.0,20008936.0,20008553.0
4932.0,20008170.0,20009320.0,20008937.0,20008554.0,20008171.0,20009321.0,20008938.0,20008555.0,20008172.0,20009322.0
4933.0,20008939.0,20008556.0,20008173.0,20009323.0,20008940.0,20008557.0,20008174.0,20009324.0,20008941.0,20008558.0
4934.0,20008175.0,20009325.0,20008942.0,20008559.0,20008176.0,20009326.0,20008943.0,20008560.0,20008177.0,20009327.0
4935.0,20008944.0,20008561.0,20008178.0,20009328.0,20008945.0,20008562.0,20008179.0,20009329.0,20008946.0,20008563.0
4936.0,20008180.0,20009330.0,20008947.0,20008564.0,20008181.0,20009331.0,20008948.0,20008565.0,20008182.0,20009332.0
4937.0,20008949.0,20008566.0,20008183.0,20009333.0,20008950.0,20008567.0,20008184.0,20009334.0,20008951.0,20008568.0
4938.0,20008185.0,20009335.0,20008952.0,20008569.0,20008186.0,20009336.0,20008953.0,20008570.0,20008187.0,20009337.0
4939.0,20008954.0,20008571.0,20008188.0,20009338.0,20008955.0,20008572.0,20008189.0,20009339.0,20008956.0,20008573.0
4940.0,20008190.0,20009340.0,20008957.0,20008574.0,20008191.0,20009341.0,20008958.0,20008575.0,20009342.0,20008959.0
4941.0,20009343.0,20008064.0,20008448.0,20008065.0,20008832.0,20008449.0,20008066.0,20009216.0,20008833.0,20008450.0
4942.0,20008067.0,20009217.0,20008834.0,-1.0,-1.0,-1.0,-1.0,-1.0,-1.0,-1.0
5277.0,20008451.0,20008068.0,20009218.0,20008835.0,20008452.0,20008069.0,20009219.0,20008836.0,20008453.0,20008070.0
5278.0,20009220.0,20008837.0,20008454.0,20008071.0,20009221.0,20008838.0,20008455.0,20008072.0,20009222.0,20008839.0
5279.0,20008456.0,20008073.0,20009223.0,20008840.0,20008457.0,20008074.0,20009224.0,20008841.0,20008458.0,20008075.0
5280.0,20009225.0,20008842.0,20008459.0,20008076.0,20009226.0,20008843.0,20008460.0,20008077.0,20009227.0,20008844.0
5281.0,20008461.0,20008078.0,20009228.0,20008845.0,20008462.0,20008079.0,20009229.0,20008846.0,20008463.0,20008080.0
5282.0,20009230.0,20008847.0,20008464.0,20008081.0,20009231.0,20008848.0,20008465.0,20008082.0,20009232.0,20008849.0
5283.0,20008466.0,20008083.0,20009233.0,20008850.0,20008467.0,20008084.0,20009234.0,20008851.0,20008468.0,20008085.0
5284.0,20009235.0,20008852.0,20008469.0,20008086.0,20009236.0,20008853.0,20008470.0,20008087.0,20009237.0,20008854.0
5285.0,20008471.0,20008088.0,20009238.0,20008855.0,20008472.0,20008089.0,20009239.0,20008856.0,20008473.0,20008090.0
5286.0,20009240.0,20008857.0,20008474.0,20008091.0,20009241.0,20008858.0,20008475.0,20008092.0,20009242.0,20008859.0
5287.0,20008476.0,20008093.0,20009243.0,20008860.0,20008477.0,20008094.0,20009244.0,20008861.0,20008478.0,20008095.0
5288.0,20009245.0,20008862.0,20008479.0,20008096.0,20009246.0,20008863.0,20008480.0,20008097.0,20009247.0,20008864.0
5289.0,20008481.0,20008098.0,20009248.0,20008865.0,20008482.0,20008099.0,20009249.0,20008866.0,20008483.0,20008100.0
5290.0,20009250.0,20008867.0,20008484.0,20008101.0,20009251.0,20008868.0,20008485.0,20008102.0,20009252.0,20008869.0
5291.0,20008486.0,20008103.0,20009253.0,20008870.0,20008487.0,20008104.0,20009254.0,20008871.0,20008488.0,20008105.0
5292.0,20009255.0,20008872.0,20008489.0,20008106.0,20009256.0,20008873.0,20008490.0,20008107.0,20009257.0,20008874.0
5293.0,20008491.0,20008108.0,20009258.0,20008875.0,20008492.0,20008109.0,20009259.0,20008876.0,20008493.0,20008110.0
5294.0,20009260.0,20008877.0,20008494.0,20008111.0,20009261.0,20008878.0,20008495.0,20008112.0,20009262.0,20008879.0
5295.0,20008496.0,20008113.0,20009263.0,20008880.0,20008497.0,20008114.0,20009264.0,20008881.0,20008498.0,20008115.0
5296.0,20009265.0,20008882.0,20008499.0,20008116.0,20009266.0,20008883.0,20008500.0,20008117.0,20009267.0,20008884.0
5297.0,20008501.0,20008118.0,20009268.0,20008885.0,20008502.0,20008119.0,20009269.0,20008886.0,20008503.0,20008120.0
5298.0,20009270.0,20008887.0,20008504.0,20008121.0,20009271.0,20008888.0,20008505.0,20008122.0,20009272.0,20008889.0
5299.0,20008506.0,20008123.0,20009273.0,20008890.0,20008507.0,20008124.0,20009274.0,20008891.0,20008508.0,20008125.0
5300.0,20009275.0,20008892.0,20008509.0,20008126.0,20009276.0,20008893.0,20008510.0,20008127.0,20009277.0,20008894.0
5301.0,20008511.0,20008128.0,20009278.0,20008895.0,20008512.0,20008129.0,20009279.0,20008896.0,20008513.0,20008130.0
5302.0,20009280.0,20008897.0,20008514.0,20008131.0,20009281.0,20008898.0,20008515.0,20008132.0,20009282.0,20008899.0
5303.0,20008516.0,20008133.0,20009283.0,20008900.0,20008517.0,20008134.0,20009284.0,20008901.0,20008518.0,20008135.0
5304.0,20009285.0,20008902.0,20008519.0,20008136.0,20009286.0,20008903.0,20008520.0,20008137.0,20009287.0,20008904.0
5305.0,20008521.0,20008138.0,20009288.0,20008905.0,20008522.0,20008139.0,20009289.0,20008906.0,20008523.0,20008140.0
5306.0,20009290.0,20008907.0,20008524.0,20008141.0,20009291.0,20008908.0,20008525.0,20008142.0,20009292.0,20008909.0
5307.0,20008526.0,20008143.0,20009293.0,20008910.0,20008527.0,20008144.0,20009294.0,20008911.0,20008528.0,20008145.0
5308.0,20009295.0,20008912.0,20008529.0,20008146.0,20009296.0,20008913.0,20008530.0,20008147.0,20009297.0,20008914.0
5309.0,20008531.0,20008148.0,20009298.0,20008915.0,20008532.0,20008149.0,20009299.0,20008916.0,20008533.0,20008150.0
5310.0,20009300.0,20008917.0,20008534.0,20008151.0,20009301.0,20008918.0,20008535.0,20008152.0,20009302.0,20008919.0
5311.0,20008536.0,20008153.0,20009303.0,20008920.0,20008537.0,20008154.0,20009304.0,20008921.0,20008538.0,20008155.0
5312.0,20009305.0,20008922.0,20008539.0,20008156.0,20009306.0,20008923.0,20008540.0,20008157.0,20009307.0,20008924.0
5313.0,20008541.0,20008158.0,20009308.0,20008925.0,20008542.0,20008159.0,20009309.0,20008926.0,20008543.0,20008160.0
5314.0,20009310.0,20008927.0,20008544.0,20008161.0,20009311.0,20008928.0,20008545.0,20008162.0,20009312.0,20008929.0
5315.0,20008546.0,20008163.0,20009313.0,20008930.0,20008547.0,20008164.0,20009314.0,20008931.0,20008548.0,20008165.0
5316.0,20009315.0,20008932.0,20008549.0,20008166.0,20009316.0,20008933.0,20008550.0,20008167.0,20009317.0,20008934.0
5317.0,20008551.0,20008168.0,20009318.0,20008935.0,20008552.0,20008169.0,20009319.0,20008936.0,20008553.0,20008170.0
5318.0,20009320.0,20008937.0,20008554.0,20008171.0,20009321.0,20008938.0,20008555.0,20008172.0,20009322.0,20008939.0
5319.0,20008556.0,20008173.0,20009323.0,20008940.0,20008557.0,20008174.0,20009324.0,20008941.0,20008558.0,20008175.0
5320.0,20009325.0,20008942.0,20008559.0,20008176.0,20009326.0,20008943.0,20008560.0,20008177.0,20009327.0,20008944.0
5321.0,20008561.0,20008178.0,20009328.0,20008945.0,20008562.0,20008179.0,20009329.0,20008946.0,20008563.0,20008180.0
5322.0,20009330.0,20008947.0,20008564.0,20008181.0,20009331.0,20008948.0,20008565.0,20008182.0,20009332.0,20008949.0
5323.0,20008566.0,20008183.0,20009333.0,20008950.0,20008567.0,20008184.0,20009334.0,20008951.0,20008568.0,20008185.0
5324.0,20009335.0,20008952.0,20008569.0,20008186.0,20009336.0,20008953.0,20008570.0,20008187.0,20009337.0,20008954.0
5325.0,20008571.0,20008188.0,20009338.0,20008955.0,20008572.0,20008189.0,20009339.0,20008956.0,20008573.0,20008190.0
5326.0,20009340.0,20008957.0,20008574.0,20008191.0,20009341.0,20008958.0,20008575.0,20009342.0,20008959.0,20009343.0
5327.0,20008064.0,20008448.0,20008065.0,20008832.0,20008449.0,20008066.0,20009216.0,20008833.0,20008450.0,20008067.0
5328.0,20009217.0,20008834.0,20008451.0,-1.0,-1.0,-1.0,-1.0,-1.0,-1.0,-1.0
5663.0,20008068.0,20009218.0,20008835.0,20008452.0,20008069.0,20009219.0,20008836.0,20008453.0,20008070.0,20009220.0
5664.0,20008837.0,20008454.0,20008071.0,20009221.0,20008838.0,20008455.0,20008072.0,20009222.0,20008839.0,20008456.0
5665.0,20008073.0,20009223.0,20008840.0,20008457.0,20008074.0,20009224.0,20008841.0,20008458.0,20008075.0,20009225.0
5666.0,20008842.0,20008459.0,20008076.0,20009226.0,20008843.0,20008460.0,20008077.0,20009227.0,20008844.0,20008461.0
5667.0,20008078.0,20009228.0,20008845.0,20008462.0,20008079.0,20009229.0,20008846.0,20008463.0,20008080.0,20009230.0
5668.0,20008847.0,20008464.0,20008081.0,20009231.0,20008848.0,20008465.0,20008082.0,20009232.0,20008849.0,20008466.0
5669.0,20008083.0,20009233.0,20008850.0,20008467.0,20008084.0,20009234.0,20008851.0,20008468.0,20008085.0,20009235.0
5670.0,20008852.0,20008469.0,20008086.0,20009236.0,20008853.0,20008470.0,20008087.0,20009237.0,20008854.0,20008471.0
5671.0,20008088.0,20009238.0,20008855.0,20008472.0,20008089.0,20009239.0,20008856.0,20008473.0,20008090.0,20009240.0
5672.0,20008857.0,20008474.0,20008091.0,20009241.0,20008858.0,20008475.0,20008092.0,20009242.0,20008859.0,20008476.0
5673.0,20008093.0,20009243.0,20008860.0,20008477.0,20008094.0,20009244.0,20008861.0,20008478.0,20008095.0,20009245.0
5674.0,20008862.0,20008479.0,20008096.0,20009246.0,20008863.0,20008480.0,20008097.0,20009247.0,20008864.0,20008481.0
5675.0,20008098.0,20009248.0,20008865.0,20008482.0,20008099.0,20009249.0,20008866.0,20008483.0,20008100.0,20009250.0
5676.0,20008867.0,20008484.0,20008101.0,20009251.0,20008868.0,20008485.0,20008102.0,20009252.0,20008869.0,20008486.0
5677.0,20008103.0,20009253.0,20008870.0,20008487.0,20008104.0,20009254.0,20008871.0,20008488.0,20008105.0,20009255.0
5678.0,20008872.0,20008489.0,20008106.0,20009256.0,20008873.0,20008490.0,20008107.0,20009257.0,20008874.0,20008491.0
5679.0,20008108.0,20009258.0,20008875.0,20008492.0,20008109.0,20009259.0,20008876.0,20008493.0,20008110.0,20009260.0
5680.0,20008877.0,20008494.0,20008111.0,20009261.0,20008878.0,20008495.0,20008112.0,20009262.0,20008879.0,20008496.0
5681.0,20008113.0,20009263.0,20008880.0,20008497.0,20008114.0,20009264.0,20008881.0,20008498.0,20008115.0,20009265.0
5682.0,20008882.0,20008499.0,20008116.0,20009266.0,20008883.0,20008500.0,20008117.0,20009267.0,20008884.0,20008501.0
5683.0,20008118.0,20009268.0,20008885.0,20008502.0,20008119.0,20009269.0,20008886.0,20008503.0,20008120.0,20009270.0
5684.0,20008887.0,20008504.0,20008121.0,20009271.0,20008888.0,20008505.0,20008122.0,20009272.0,20008889.0,20008506.0
5685.0,20008123.0,20009273.0,20008890.0,20008507.0,20008124.0,20009274.0,20008891.0,20008508.0,20008125.0,20009275.0
5686.0,20008892.0,20008509.0,20008126.0,20009276.0,20008893.0,20008510.0,20008127.0,20009277.0,20008894.0,20008511.0
5687.0,20008128.0,20009278.0,20008895.0,20008512.0,20008129.0,20009279.0,20008896.0,20008513.0,20008130.0,20009280.0
5688.0,20008897.0,20008514.0,20008131.0,20009281.0,20008898.0,20008515.0,20008132.0,20009282.0,20008899.0,20008516.0
5689.0,20008133.0,20009283.0,20008900.0,20008517.0,20008134.0,20009284.0,20008901.0,20008518.0,20008135.0,20009285.0
5690.0,20008902.0,20008519.0,20008136.0,20009286.0,20008903.0,20008520.0,20008137.0,20009287.0,20008904.0,20008521.0
5691.0,20008138.0,20009288.0,20008905.0,20008522.0,20008139.0,20009289.0,20008906.0,20008523.0,20008140.0,20009290.0
5692.0,20008907.0,20008524.0,20008141.0,20009291.0,20008908.0,20008525.0,20008142.0,20009292.0,20008909.0,20008526.0
5693.0,20008143.0,20009293.0,20008910.0,20008527.0,20008144.0,20009294.0,20008911.0,20008528.0,20008145.0,20009295.0
5694.0,20008912.0,20008529.0,20008146.0,20009296.0,20008913.0,20008530.0,20008147.0,20009297.0,20008914.0,20008531.0
5695.0,20008148.0,20009298.0,20008915.0,20008532.0,20008149.0,20009299.0,20008916.0,20008533.0,20008150.0,20009300.0
5696.0,20008917.0,20008534.0,20008151.0,20009301.0,20008918.0,20008535.0,20008152.0,20009302.0,20008919.0,20008536.0
5697.0,20008153.0,20009303.0,20008920.0,20008537.0,20008154.0,20009304.0,20008921.0,20008538.0,20008155.0,20009305.0
5698.0,20008922.0,20008539.0,20008156.0,20009306.0,20008923.0,20008540.0,20008157.0,20009307.0,20008924.0,20008541.0
5699.0,20008158.0,20009308.0,20008925.0,20008542.0,20008159.0,20009309.0,20008926.0,20008543.0,20008160.0,20009310.0
5700.0,20008927.0,20008544.0,20008161.0,20009311.0,20008928.0,20008545.0,20008162.0,20009312.0,20008929.0,20008546.0
5701.0,20008163.0,20009313.0,20008930.0,20008547.0,20008164.0,20009314.0,20008931.0,20008548.0,20008165.0,20009315.0
5702.0,20008932.0,20008549.0,20008166.0,20009316.0,20008933.0,20008550.0,20008167.0,20009317.0,20008934.0,20008551.0
5703.0,20008168.0,20009318.0,20008935.0,20008552.0,20008169.0,20009319.0,20008936.0,20008553.0,20008170.0,20009320.0
5704.0,20008937.0,20008554.0,20008171.0,20009321.0,20008938.0,20008555.0,20008172.0,20009322.0,20008939.0,20008556.0
5705.0,20008173.0,20009323.0,20008940.0,20008557.0,20008174.0,20009324.0,20008941.0,20008558.0,20008175.0,20009325.0
5706.0,20008942.0,20008559.0,20008176.0,20009326.0,20008943.0,20008560.0,20008177.0,20009327.0,20008944.0,20008561.0
5707.0,20008178.0,20009328.0,20008945.0,20008562.0,20008179.0,20009329.0,20008946.0,20008563.0,20008180.0,20009330.0
5708.0,20008947.0,20008564.0,20008181.0,20009331.0,20008948.0,20008565.0,20008182.0,20009332.0,20008949.0,20008566.0
5709.0,20008183.0,20009333.0,20008950.0,20008567.0,20008184.0,20009334.0,20008951.0,20008568.0,20008185.0,20009335.0
5710.0,20008952.0,20008569.0,20008186.0,20009336.0,20008953.0,20008570.0,20008187.0,20009337.0,20008954.0,20008571.0
5711.0,20008188.0,20009338.0,20008955.0,20008572.0,20008189.0,20009339.0,20008956.0,20008573.0,20008190.0,20009340.0
5712.0,20008957.0,20008574.0,20008191.0,20009341.0,20008958.0,20008575.0,20009342.0,20008959.0,20009343.0,20008192.0
5713.0,20008576.0,20008193.0,20008960.0,20008577.0,20008194.0,20009344.0,20008961.0,20008578.0,20008195.0,20009345.0
5714.0,20008962.0,20008579.0,20008196.0,-1.0,-1.0,-1.0,-1.0,-1.0,-1.0,-1.0
6050.0,20009346.0,20008963.0,20008580.0,20008197.0,20009347.0,20008964.0,20008581.0,20008198.0,20009348.0,20008965.0
6051.0,20008582.0,20008199.0,20009349.0,20008966.0,20008583.0,20008200.0,20009350.0,20008967.0,20008584.0,20008201.0
6052.0,20009351.0,20008968.0,20008585.0,20008202.0,20009352.0,20008969.0,20008586.0,20008203.0,20009353.0,20008970.0
6053.0,20008587.0,20008204.0,20009354.0,20008971.0,20008588.0,20008205.0,20009355.0,20008972.0,20008589.0,20008206.0
6054.0,20009356.0,20008973.0,20008590.0,20008207.0,20009357.0,20008974.0,20008591.0,20008208.0,20009358.0,20008975.0
6055.0,20008592.0,20008209.0,20009359.0,20008976.0,20008593.0,20008210.0,20009360.0,20008977.0,20008594.0,20008211.0
6056.0,20009361.0,20008978.0,20008595.0,20008212.0,20009362.0,20008979.0,20008596.0,20008213.0,20009363.0,20008980.0
6057.0,20008597.0,20008214.0,20009364.0,20008981.0,20008598.0,20008215.0,20009365.0,20008982.0,20008599.0,20008216.0
6058.0,20009366.0,20008983.0,20008600.0,20008217.0,20009367.0,20008984.0,20008601.0,20008218.0,20009368.0,20008985.0
6059.0,20008602.0,20008219.0,20009369.0,20008986.0,20008603.0,20008220.0,20009370.0,20008987.0,20008604.0,20008221.0
6060.0,20009371.0,20008988.0,20008605.0,20008222.0,20009372.0,20008989.0,20008606.0,20008223.0,20009373.0,20008990.0
6061.0,20008607.0,20008224.0,20009374.0,20008991.0,20008608.0,20008225.0,20009375.0,20008992.0,20008609.0,20008226.0
6062.0,20009376.0,20008993.0,20008610.0,20008227.0,20009377.0,20008994.0,20008611.0,20008228.0,20009378.0,20008995.0
6063.0,20008612.0,20008229.0,20009379.0,20008996.0,20008613.0,20008230.0,20009380.0,20008997.0,20008614.0,20008231.0
6064.0,20009381.0,20008998.0,20008615.0,20008232.0,20009382.0,20008999.0,20008616.0,20008233.0,20009383.0,20009000.0
6065.0,20008617.0,20008234.0,20009384.0,20009001.0,20008618.0,20008235.0,20009385.0,20009002.0,20008619.0,20008236.0
6066.0,20009386.0,20009003.0,20008620.0,20008237.0,20009387.0,20009004.0,20008621.0,20008238.0,20009388.0,20009005.0
6067.0,20008622.0,20008239.0,20009389.0,20009006.0,20008623.0,20008240.0,20009390.0,20009007.0,20008624.0,20008241.0
6068.0,20009391.0,20009008.0,20008625.0,20008242.0,20009392.0,20009009.0,20008626.0,20008243.0,20009393.0,20009010.0
6069.0,20008627.0,20008244.0,20009394.0,20009011.0,20008628.0,20008245.0,20009395.0,20009012.0,20008629.0,20008246.0
6070.0,20009396.0,20009013.0,20008630.0,20008247.0,20009397.0,20009014.0,20008631.0,20008248.0,20009398.0,20009015.0
6071.0,20008632.0,20008249.0,20009399.0,20009016.0,20008633.0,20008250.0,20009400.0,20009017.0,20008634.0,20008251.0
6072.0,20009401.0,20009018.0,20008635.0,20008252.0,20009402.0,20009019.0,20008636.0,20008253.0,20009403.0,20009020.0
6073.0,20008637.0,20008254.0,20009404.0,20009021.0,20008638.0,20008255.0,20009405.0,20009022.0,20008639.0,20008256.0
6074.0,20009406.0,20009023.0,20008640.0,20008257.0,20009407.0,20009024.0,20008641.0,20008258.0,20009408.0,20009025.0
6075.0,20008642.0,20008259.0,20009409.0,20009026.0,20008643.0,20008260.0,20009410.0,20009027.0,20008644.0,20008261.0
6076.0,20009411.0,20009028.0,20008645.0,20008262.0,20009412.0,20009029.0,20008646.0,20008263.0,20009413.0,20009030.0
6077.0,20008647.0,20008264.0,20009414.0,20009031.0,20008648.0,20008265.0,20009415.0,20009032.0,20008649.0,20008266.0
6078.0,20009416.0,20009033.0,20008650.0,20008267.0,20009417.0,20009034.0,20008651.0,20008268.0,20009418.0,20009035.0
6079.0,20008652.0,20008269.0,20009419.0,20009036.0,20008653.0,20008270.0,20009420.0,20009037.0,20008654.0,20008271.0
6080.0,20009421.0,20009038.0,20008655.0,20008272.0,20009422.0,20009039.0,20008656.0,20008273.0,20009423.0,20009040.0
6081.0,20008657.0,20008274.0,20009424.0,20009041.0,20008658.0,20008275.0,20009425.0,20009042.0,20008659.0,20008276.0
6082.0,20009426.0,20009043.0,20008660.0,20008277.0,20009427.0,20009044.0,20008661.0,20008278.0,20009428.0,20009045.0
6083.0,20008662.0,20008279.0,20009429.0,20009046.0,20008663.0,20008280.0,20009430.0,20009047.0,20008664.0,20008281.0
6084.0,20009431.0,20009048.0,20008665.0,20008282.0,20009432.0,20009049.0,20008666.0,20008283.0,20009433.0,20009050.0
6085.0,20008667.0,20008284.0,20009434.0,20009051.0,20008668.0,20008285.0,20009435.0,20009052.0,20008669.0,20008286.0
6086.0,20009436.0,20009053.0,20008670.0,20008287.0,20009437.0,20009054.0,20008671.0,20008288.0,20009438.0,20009055.0
6087.0,20008672.0,20008289.0,20009439.0,20009056.0,20008673.0,20008290.0,20009440.0,20009057.0,20008674.0,20008291.0
6088.0,20009441.0,20009058.0,20008675.0,20008292.0,20009442.0,20009059.0,20008676.0,20008293.0,20009443.0,20009060.0
6089.0,20008677.0,20008294.0,20009444.0,20009061.0,20008678.0,20008295.0,20009445.0,20009062.0,20008679.0,20008296.0
6090.0,20009446.0,20009063.0,20008680.0,20008297.0,20009447.0,20009064.0,20008681.0,20008298.0,20009448.0,20009065.0
6091.0,20008682.0,20008299.0,20009449.0,20009066.0,20008683.0,20008300.0,20009450.0,20009067.0,20008684.0,20008301.0
6092.0,20009451.0,20009068.0,20008685.0,20008302.0,20009452.0,20009069.0,20008686.0,20008303.0,20009453.0,20009070.0
6093.0,20008687.0,20008304.0,20009454.0,20009071.0,20008688.0,20008305.0,20009455.0,20009072.0,20008689.0,20008306.0
6094.0,20009456.0,20009073.0,20008690.0,20008307.0,20009457.0,20009074.0,20008691.0,20008308.0,20009458.0,20009075.0
6095.0,20008692.0,20008309.0,20009459.0,20009076.0,20008693.0,20008310.0,20009460.0,20009077.0,20008694.0,20008311.0
6096.0,20009461.0,20009078.0,20008695.0,20008312.0,20009462.0,20009079.0,20008696.0,20008313.0,20009463.0,20009080.0
6097.0,20008697.0,20008314.0,20009464.0,20009081.0,20008698.0,20008315.0,20009465.0,20009082.0,20008699.0,20008316.0
6098.0,20009466.0,20009083.0,20008700.0,20008317.0,20009467.0,20009084.0,20008701.0,20008318.0,20009468.0,20009085.0
6099.0,20008702.0,20008319.0,20009469.0,20009086.0,20008703.0,20009470.0,20009087.0,20009471.0,20008192.0,20008576.0
6100.0,20008193.0,20008960.0,20008577.0,20008194.0,20009344.0,20008961.0,20008578.0,20008195.0,20009345.0,20008962.0
6101.0,20008579.0,20008196.0,20009346.0,-1.0,-1.0,-1.0,-1.0,-1.0,-1.0,-1.0
6436.0,20008963.0,20008580.0,20008197.0,20009347.0,20008964.0,20008581.0,20008198.0,20009348.0,20008965.0,20008582.0
6437.0,20008199.0,20009349.0,20008966.0,20008583.0,20008200.0,20009350.0,20008967.0,20008584.0,20008201.0,20009351.0
6438.0,20008968.0,20008585.0,20008202.0,20009352.0,20008969.0,20008586.0,20008203.0,20009353.0,20008970.0,20008587.0
6439.0,20008204.0,20009354.0,20008971.0,20008588.0,20008205.0,20009355.0,20008972.0,20008589.0,20008206.0,20009356.0
6440.0,20008973.0,20008590.0,20008207.0,20009357.0,20008974.0,20008591.0,20008208.0,20009358.0,20008975.0,20008592.0
6441.0,20008209.0,20009359.0,20008976.0,20008593.0,20008210.0,20009360.0,20008977.0,20008594.0,20008211.0,20009361.0
6442.0,20008978.0,20008595.0,20008212.0,20009362.0,20008979.0,20008596.0,20008213.0,20009363.0,20008980.0,20008597.0
6443.0,20008214.0,20009364.0,20008981.0,20008598.0,20008215.0,20009365.0,20008982.0,20008599.0,20008216.0,20009366.0
6444.0,20008983.0,20008600.0,20008217.0,20009367.0,20008984.0,20008601.0,20008218.0,20009368.0,20008985.0,20008602.0
6445.0,20008219.0,20009369.0,20008986.0,20008603.0,20008220.0,20009370.0,20008987.0,20008604.0,20008221.0,20009371.0
6446.0,20008988.0,20008605.0,20008222.0,20009372.0,20008989.0,20008606.0,20008223.0,20009373.0,20008990.0,20008607.0
6447.0,20008224.0,20009374.0,20008991.0,20008608.0,20008225.0,20009375.0,20008992.0,20008609.0,20008226.0,20009376.0
6448.0,20008993.0,20008610.0,20008227.0,20009377.0,20008994.0,20008611.0,20008228.0,20009378.0,20008995.0,20008612.0
6449.0,20008229.0,20009379.0,20008996.0,20008613.0,20008230.0,20009380.0,20008997.0,20008614.0,20008231.0,20009381.0
6450.0,20008998.0,20008615.0,20008232.0,20009382.0,20008999.0,20008616.0,20008233.0,20009383.0,20009000.0,20008617.0
6451.0,20008234.0,20009384.0,20009001.0,20008618.0,20008235.0,20009385.0,20009002.0,20008619.0,20008236.0,20009386.0
6452.0,20009003.0,20008620.0,20008237.0,20009387.0,20009004.0,20008621.0,20008238.0,20009388.0,20009005.0,20008622.0
6453.0,20008239.0,20009389.0,20009006.0,20008623.0,20008240.0,20009390.0,20009007.0,20008624.0,20008241.0,20009391.0
6454.0,20009008.0,20008625.0,20008242.0,20009392.0,20009009.0,20008626.0,20008243.0,20009393.0,20009010.0,20008627.0
6455.0,20008244.0,20009394.0,20009011.0,20008628.0,20008245.0,20009395.0,20009012.0,20008629.0,20008246.0,20009396.0
6456.0,20009013.0,20008630.0,20008247.0,20009397.0,20009014.0,20008631.0,20008248.0,20009398.0,20009015.0,20008632.0
6457.0,20008249.0,20009399.0,20009016.0,20008633.0,20008250.0,20009400.0,20009017.0,20008634.0,20008251.0,20009401.0
6458.0,20009018.0,20008635.0,20008252.0,20009402.0,20009019.0,20008636.0,20008253.0,20009403.0,20009020.0,20008637.0
6459.0,20008254.0,20009404.0,20009021.0,20008638.0,20008255.0,20009405.0,20009022.0,20008639.0,20008256.0,20009406.0
6460.0,20009023.0,20008640.0,20008257.0,20009407.0,20009024.0,20008641.0,20008258.0,20009408.0,20009025.0,20008642.0
6461.0,20008259.0,20009409.0,20009026.0,20008643.0,20008260.0,20009410.0,20009027.0,20008644.0,20008261.0,20009411.0
6462.0,20009028.0,20008645.0,20008262.0,20009412.0,20009029.0,20008646.0,20008263.0,20009413.0,20009030.0,20008647.0
6463.0,20008264.0,20009414.0,20009031.0,20008648.0,20008265.0,20009415.0,20009032.0,20008649.0,20008266.0,20009416.0
6464.0,20009033.0,20008650.0,20008267.0,20009417.0,20009034.0,20008651.0,20008268.0,20009418.0,20009035.0,20008652.0
6465.0,20008269.0,20009419.0,20009036.0,20008653.0,20008270.0,20009420.0,20009037.0,20008654.0,20008271.0,20009421.0
6466.0,20009038.0,20008655.0,20008272.0,20009422.0,20009039.0,20008656.0,20008273.0,20009423.0,20009040.0,20008657.0
6467.0,20008274.0,20009424.0,20009041.0,20008658.0,20008275.0,20009425.0,20009042.0,20008659.0,20008276.0,20009426.0
6468.0,20009043.0,20008660.0,20008277.0,20009427.0,20009044.0,20008661.0,20008278.0,20009428.0,20009045.0,20008662.0
6469.0,20008279.0,20009429.0,20009046.0,20008663.0,20008280.0,20009430.0,20009047.0,20008664.0,20008281.0,20009431.0
6470.0,20009048.0,20008665.0,20008282.0,20009432.0,20009049.0,20008666.0,20008283.0,20009433.0,20009050.0,20008667.0
6471.0,20008284.0,20009434.0,20009051.0,20008668.0,20008285.0,20009435.0,20009052.0,20008669.0,20008286.0,20009436.0
6472.0,20009053.0,20008670.0,20008287.0,20009437.0,20009054.0,20008671.0,20008288.0,20009438.0,20009055.0,20008672.0
6473.0,20008289.0,20009439.0,20009056.0,20008673.0,20008290.0,20009440.0,20009057.0,20008674.0,20008291.0,20009441.0
6474.0,20009058.0,20008675.0,20008292.0,20009442.0,20009059.0,20008676.0,20008293.0,20009443.0,20009060.0,20008677.0
6475.0,20008294.0,20009444.0,20009061.0,20008678.0,20008295.0,20009445.0,20009062.0,20008679.0,20008296.0,20009446.0
6476.0,20009063.0,20008680.0,20008297.0,20009447.0,20009064.0,20008681.0,20008298.0,20009448.0,20009065.0,20008682.0
6477.0,20008299.0,20009449.0,20009066.0,20008683.0,20008300.0,20009450.0,20009067.0,20008684.0,20008301.0,20009451.0
6478.0,20009068.0,20008685.0,20008302.0,20009452.0,20009069.0,20008686.0,20008303.0,20009453.0,20009070.0,20008687.0
6479.0,20008304.0,20009454.0,20009071.0,20008688.0,20008305.0,20009455.0,20009072.0,20008689.0,20008306.0,20009456.0
6480.0,20009073.0,20008690.0,20008307.0,20009457.0,20009074.0,20008691.0,20008308.0,20009458.0,20009075.0,20008692.0
6481.0,20008309.0,20009459.0,20009076.0,20008693.0,20008310.0,20009460.0,20009077.0,20008694.0,20008311.0,20009461.0
6482.0,20009078.0,20008695.0,20008312.0,20009462.0,20009079.0,20008696.0,20008313.0,20009463.0,20009080.0,20008697.0
6483.0,20008314.0,20009464.0,20009081.0,20008698.0,20008315.0,20009465.0,20009082.0,20008699.0,20008316.0,20009466.0
6484.0,20009083.0,20008700.0,20008317.0,20009467.0,20009084.0,20008701.0,20008318.0,20009468.0,20009085.0,20008702.0
6485.0,20008319.0,20009469.0,20009086.0,20008703.0,20009470.0,20009087.0,20009471.0,20008192.0,20008576.0,20008193.0
6486.0,20008960.0,20008577.0,20008194.0,20009344.0,20008961.0,20008578.0,20008195.0,20009345.0,20008962.0,20008579.0
6487.0,20008196.0,20009346.0,20008963.0,-1.0,-1.0,-1.0,-1.0,-1.0,-1.0,-1.0
6822.0,20008580.0,20008197.0,20009347.0,20008964.0,20008581.0,20008198.0,20009348.0,20008965.0,20008582.0,20008199.0
6823.0,20009349.0,20008966.0,20008583.0,20008200.0,20009350.0,20008967.0,20008584.0,20008201.0,20009351.0,20008968.0
6824.0,20008585.0,20008202.0,20009352.0,20008969.0,20008586.0,20008203.0,20009353.0,20008970.0,20008587.0,20008204.0
6825.0,20009354.0,20008971.0,20008588.0,20008205.0,20009355.0,20008972.0,20008589.0,20008206.0,20009356.0,20008973.0
6826.0,20008590.0,20008207.0,20009357.0,20008974.0,20008591.0,20008208.0,20009358.0,20008975.0,20008592.0,20008209.0
6827.0,20009359.0,20008976.0,20008593.0,20008210.0,20009360.0,20008977.0,20008594.0,20008211.0,20009361.0,20008978.0
6828.0,20008595.0,20008212.0,20009362.0,20008979.0,20008596.0,20008213.0,20009363.0,20008980.0,20008597.0,20008214.0
6829.0,20009364.0,20008981.0,20008598.0,20008215.0,20009365.0,20008982.0,20008599.0,20008216.0,20009366.0,20008983.0
6830.0,20008600.0,20008217.0,20009367.0,20008984.0,20008601.0,20008218.0,20009368.0,20008985.0,20008602.0,20008219.0
6831.0,20009369.0,20008986.0,20008603.0,20008220.0,20009370.0,20008987.0,20008604.0,20008221.0,20009371.0,20008988.0
6832.0,20008605.0,20008222.0,20009372.0,20008989.0,20008606.0,20008223.0,20009373.0,20008990.0,20008607.0,20008224.0
6833.0,20009374.0,20008991.0,20008608.0,20008225.0,20009375.0,20008992.0,20008609.0,20008226.0,20009376.0,20008993.0
6834.0,20008610.0,20008227.0,20009377.0,20008994.0,20008611.0,20008228.0,20009378.0,20008995.0,20008612.0,20008229.0
6835.0,20009379.0,20008996.0,20008613.0,20008230.0,20009380.0,20008997.0,20008614.0,20008231.0,20009381.0,20008998.0
6836.0,20008615.0,20008232.0,20009382.0,20008999.0,20008616.0,20008233.0,20009383.0,20009000.0,20008617.0,20008234.0
6837.0,20009384.0,20009001.0,20008618.0,20008235.0,20009385.0,20009002.0,20008619.0,20008236.0,20009386.0,20009003.0
6838.0,20008620.0,20008237.0,20009387.0,20009004.0,20008621.0,20008238.0,20009388.0,20009005.0,20008622.0,20008239.0
6839.0,20009389.0,20009006.0,20008623.0,20008240.0,20009390.0,20009007.0,20008624.0,20008241.0,20009391.0,20009008.0
6840.0,20008625.0,20008242.0,20009392.0,20009009.0,20008626.0,20008243.0,20009393.0,20009010.0,20008627.0,20008244.0
6841.0,20009394.0,20009011.0,20008628.0,20008245.0,20009395.0,20009012.0,20008629.0,20008246.0,20009396.0,20009013.0
6842.0,20008630.0,20008247.0,20009397.0,20009014.0,20008631.0,20008248.0,20009398.0,20009015.0,20008632.0,20008249.0
6843.0,20009399.0,20009016.0,20008633.0,20008250.0,20009400.0,20009017.0,20008634.0,20008251.0,20009401.0,20009018.0
6844.0,20008635.0,20008252.0,20009402.0,20009019.0,20008636.0,20008253.0,20009403.0,20009020.0,20008637.0,20008254.0
6845.0,20009404.0,20009021.0,20008638.0,20008255.0,20009405.0,20009022.0,20008639.0,20008256.0,20009406.0,20009023.0
6846.0,20008640.0,20008257.0,20009407.0,20009024.0,20008641.0,20008258.0,20009408.0,20009025.0,20008642.0,20008259.0
6847.0,20009409.0,20009026.0,20008643.0,20008260.0,20009410.0,20009027.0,20008644.0,20008261.0,20009411.0,20009028.0
6848.0,20008645.0,20008262.0,20009412.0,20009029.0,20008646.0,20008263.0,20009413.0,20009030.0,20008647.0,20008264.0
6849.0,20009414.0,20009031.0,20008648.0,20008265.0,20009415.0,20009032.0,20008649.0,20008266.0,20009416.0,20009033.0
6850.0,20008650.0,20008267.0,20009417.0,20009034.0,20008651.0,20008268.0,20009418.0,20009035.0,20008652.0,20008269.0
6851.0,20009419.0,20009036.0,20008653.0,20008270.0,20009420.0,20009037.0,20008654.0,20008271.0,20009421.0,20009038.0
6852.0,20008655.0,20008272.0,20009422.0,20009039.0,20008656.0,20008273.0,20009423.0,20009040.0,20008657.0,20008274.0
6853.0,20009424.0,20009041.0,20008658.0,20008275.0,20009425.0,20009042.0,20008659.0,20008276.0,20009426.0,20009043.0
6854.0,20008660.0,20008277.0,20009427.0,20009044.0,20008661.0,20008278.0,20009428.0,20009045.0,20008662.0,20008279.0
6855.0,20009429.0,20009046.0,20008663.0,20008280.0,20009430.0,20009047.0,20008664.0,20008281.0,20009431.0,20009048.0
6856.0,20008665.0,20008282.0,20009432.0,20009049.0,20008666.0,20008283.0,20009433.0,20009050.0,20008667.0,20008284.0
6857.0,20009434.0,20009051.0,20008668.0,20008285.0,20009435.0,20009052.0,20008669.0,20008286.0,20009436.0,20009053.0
6858.0,20008670.0,20008287.0,20009437.0,20009054.0,20008671.0,20008288.0,20009438.0,20009055.0,20008672.0,20008289.0
6859.0,20009439.0,20009056.0,20008673.0,20008290.0,20009440.0,20009057.0,20008674.0,20008291.0,20009441.0,20009058.0
6860.0,20008675.0,20008292.0,20009442.0,20009059.0,20008676.0,20008293.0,20009443.0,20009060.0,20008677.0,20008294.0
6861.0,20009444.0,20009061.0,20008678.0,20008295.0,20009445.0,20009062.0,20008679.0,20008296.0,20009446.0,20009063.0
6862.0,20008680.0,20008297.0,20009447.0,20009064.0,20008681.0,20008298.0,20009448.0,20009065.0,20008682.0,20008299.0
6863.0,20009449.0,20009066.0,20008683.0,20008300.0,20009450.0,20009067.0,20008684.0,20008301.0,20009451.0,20009068.0
6864.0,20008685.0,20008302.0,20009452.0,20009069.0,20008686.0,20008303.0,20009453.0,20009070.0,20008687.0,20008304.0
6865.0,20009454.0,20009071.0,20008688.0,20008305.0,20009455.0,20009072.0,20008689.0,20008306.0,20009456.0,20009073.0
6866.0,20008690.0,20008307.0,20009457.0,20009074.0,20008691.0,20008308.0,20009458.0,20009075.0,20008692.0,20008309.0
6867.0,20009459.0,20009076.0,20008693.0,20008310.0,20009460.0,20009077.0,20008694.0,20008311.0,20009461.0,20009078.0
6868.0,20008695.0,20008312.0,20009462.0,20009079.0,20008696.0,20008313.0,20009463.0,20009080.0,20008697.0,20008314.0
6869.0,20009464.0,20009081.0,20008698.0,20008315.0,20009465.0,20009082.0,20008699.0,20008316.0,20009466.0,20009083.0
6870.0,20008700.0,20008317.0,20009467.0,20009084.0,20008701.0,20008318.0,20009468.0,20009085.0,20008702.0,20008319.0
6871.0,20009469.0,20009086.0,20008703.0,20009470.0,20009087.0,20009471.0,20008192.0,20008576.0,20008193.0,20008960.0
6872.0,20008577.0,20008194.0,20009344.0,20008961.0,20008578.0,20008195.0,20009345.0,20008962.0,20008579.0,20008196.0
6873.0,20009346.0,20008963.0,20008580.0,-1.0,-1.0,-1.0,-1.0,-1.0,-1.0,-1.0
7208.0,20008197.0,20009347.0,20008964.0,20008581.0,20008198.0,20009348.0,20008965.0,20008582.0,20008199.0,20009349.0
7209.0,20008966.0,20008583.0,20008200.0,20009350.0,20008967.0,20008584.0,20008201.0,20009351.0,20008968.0,20008585.0
7210.0,20008202.0,20009352.0,20008969.0,20008586.0,20008203.0,20009353.0,20008970.0,20008587.0,20008204.0,20009354.0
7211.0,20008971.0,20008588.0,20008205.0,20009355.0,20008972.0,20008589.0,20008206.0,20009356.0,20008973.0,20008590.0
7212.0,20008207.0,20009357.0,20008974.0,20008591.0,20008208.0,20009358.0,20008975.0,20008592.0,20008209.0,20009359.0
7213.0,20008976.0,20008593.0,20008210.0,20009360.0,20008977.0,20008594.0,20008211.0,20009361.0,20008978.0,20008595.0
7214.0,20008212.0,20009362.0,20008979.0,20008596.0,20008213.0,20009363.0,20008980.0,20008597.0,20008214.0,20009364.0
7215.0,20008981.0,20008598.0,20008215.0,20009365.0,20008982.0,20008599.0,20008216.0,20009366.0,20008983.0,20008600.0
7216.0,20008217.0,20009367.0,20008984.0,20008601.0,20008218.0,20009368.0,20008985.0,20008602.0,20008219.0,20009369.0
7217.0,20008986.0,20008603.0,20008220.0,20009370.0,20008987.0,20008604.0,20008221.0,20009371.0,20008988.0,20008605.0
7218.0,20008222.0,20009372.0,20008989.0,20008606.0,20008223.0,20009373.0,20008990.0,20008607.0,20008224.0,20009374.0
7219.0,20008991.0,20008608.0,20008225.0,20009375.0,20008992.0,20008609.0,20008226.0,20009376.0,20008993.0,20008610.0
7220.0,20008227.0,20009377.0,20008994.0,20008611.0,20008228.0,20009378.0,20008995.0,20008612.0,20008229.0,20009379.0
7221.0,20008996.0,20008613.0,20008230.0,20009380.0,20008997.0,20008614.0,20008231.0,20009381.0,20008998.0,20008615.0
7222.0,20008232.0,20009382.0,20008999.0,20008616.0,20008233.0,20009383.0,20009000.0,20008617.0,20008234.0,20009384.0
7223.0,20009001.0,20008618.0,20008235.0,20009385.0,20009002.0,20008619.0,20008236.0,20009386.0,20009003.0,20008620.0
7224.0,20008237.0,20009387.0,20009004.0,20008621.0,20008238.0,20009388.0,20009005.0,20008622.0,20008239.0,20009389.0
7225.0,20009006.0,20008623.0,20008240.0,20009390.0,20009007.0,20008624.0,20008241.0,20009391.0,20009008.0,20008625.0
7226.0,20008242.0,20009392.0,20009009.0,20008626.0,20008243.0,20009393.0,20009010.0,20008627.0,20008244.0,20009394.0
7227.0,20009011.0,20008628.0,20008245.0,20009395.0,20009012.0,20008629.0,20008246.0,20009396.0,20009013.0,20008630.0
7228.0,20008247.0,20009397.0,20009014.0,20008631.0,20008248.0,20009398.0,20009015.0,20008632.0,20008249.0,20009399.0
7229.0,20009016.0,20008633.0,20008250.0,20009400.0,20009017.0,20008634.0,20008251.0,20009401.0,20009018.0,20008635.0
7230.0,20008252.0,20009402.0,20009019.0,20008636.0,20008253.0,20009403.0,20009020.0,20008637.0,20008254.0,20009404.0
7231.0,20009021.0,20008638.0,20008255.0,20009405.0,20009022.0,20008639.0,20008256.0,20009406.0,20009023.0,20008640.0
7232.0,20008257.0,20009407.0,20009024.0,20008641.0,20008258.0,20009408.0,20009025.0,20008642.0,20008259.0,20009409.0
7233.0,20009026.0,20008643.0,20008260.0,20009410.0,20009027.0,20008644.0,20008261.0,20009411.0,20009028.0,20008645.0
7234.0,20008262.0,20009412.0,20009029.0,20008646.0,20008263.0,20009413.0,20009030.0,20008647.0,20008264.0,20009414.0
7235.0,20009031.0,20008648.0,20008265.0,20009415.0,20009032.0,20008649.0,20008266.0,20009416.0,20009033.0,20008650.0
7236.0,20008267.0,20009417.0,20009034.0,20008651.0,20008268.0,20009418.0,20009035.0,20008652.0,20008269.0,20009419.0
7237.0,20009036.0,20008653.0,20008270.0,20009420.0,20009037.0,20008654.0,20008271.0,20009421.0,20009038.0,20008655.0
7238.0,20008272.0,20009422.0,20009039.0,20008656.0,20008273.0,20009423.0,20009040.0,20008657.0,20008274.0,20009424.0
7239.0,20009041.0,20008658.0,20008275.0,20009425.0,20009042.0,20008659.0,20008276.0,20009426.0,20009043.0,20008660.0
7240.0,20008277.0,20009427.0,20009044.0,20008661.0,20008278.0,20009428.0,20009045.0,20008662.0,20008279.0,20009429.0
7241.0,20009046.0,20008663.0,20008280.0,20009430.0,20009047.0,20008664.0,20008281.0,20009431.0,20009048.0,20008665.0
7242.0,20008282.0,20009432.0,20009049.0,20008666.0,20008283.0,20009433.0,20009050.0,20008667.0,20008284.0,20009434.0
7243.0,20009051.0,20008668.0,20008285.0,20009435.0,20009052.0,20008669.0,20008286.0,20009436.0,20009053.0,20008670.0
7244.0,20008287.0,20009437.0,20009054.0,20008671.0,20008288.0,20009438.0,20009055.0,20008672.0,20008289.0,20009439.0
7245.0,20009056.0,20008673.0,20008290.0,20009440.0,20009057.0,20008674.0,20008291.0,20009441.0,20009058.0,20008675.0
7246.0,20008292.0,20009442.0,20009059.0,20008676.0,20008293.0,20009443.0,20009060.0,20008677.0,20008294.0,20009444.0
7247.0,20009061.0,20008678.0,20008295.0,20009445.0,20009062.0,20008679.0,20008296.0,20009446.0,20009063.0,20008680.0
7248.0,20008297.0,20009447.0,20009064.0,20008681.0,20008298.0,20009448.0,20009065.0,20008682.0,20008299.0,20009449.0
7249.0,20009066.0,20008683.0,20008300.0,20009450.0,20009067.0,20008684.0,20008301.0,20009451.0,20009068.0,20008685.0
7250.0,20008302.0,20009452.0,20009069.0,20008686.0,20008303.0,20009453.0,20009070.0,20008687.0,20008304.0,20009454.0
7251.0,20009071.0,20008688.0,20008305.0,20009455.0,20009072.0,20008689.0,20008306.0,20009456.0,20009073.0,20008690.0
7252.0,20008307.0,20009457.0,20009074.0,20008691.0,20008308.0,20009458.0,20009075.0,20008692.0,20008309.0,20009459.0
7253.0,20009076.0,20008693.0,20008310.0,20009460.0,20009077.0,20008694.0,20008311.0,20009461.0,20009078.0,20008695.0
7254.0,20008312.0,20009462.0,20009079.0,20008696.0,20008313.0,20009463.0,20009080.0,20008697.0,20008314.0,20009464.0
7255.0,20009081.0,20008698.0,20008315.0,20009465.0,20009082.0,20008699.0,20008316.0,20009466.0,20009083.0,20008700.0
7256.0,20008317.0,20009467.0,20009084.0,20008701.0,20008318.0,20009468.0,20009085.0,20008702.0,20008319.0,20009469.0
7257.0,20009086.0,20008703.0,20009470.0,20009087.0,20009471.0,20008192.0,20008576.0,20008193.0,20008960.0,20008577.0
7258.0,20008194.0,20009344.0,20008961.0,20008578.0,20008195.0,20009345.0,20008962.0,20008579.0,20008196.0,20009346.0
7259.0,20008963.0,20008580.0,20008197.0,-1.0,-1.0,-1.0,-1.0,-1.0,-1.0,-1.0
7595.0,20009347.0,20008964.0,20008581.0,20008198.0,20009348.0,20008965.0,20008582.0,20008199.0,20009349.0,20008966.0
7596.0,20008583.0,20008200.0,20009350.0,20008967.0,20008584.0,20008201.0,20009351.0,20008968.0,20008585.0,20008202.0
7597.0,20009352.0,20008969.0,20008586.0,20008203.0,20009353.0,20008970.0,20008587.0,20008204.0,20009354.0,20008971.0
7598.0,20008588.0,20008205.0,20009355.0,20008972.0,20008589.0,20008206.0,20009356.0,20008973.0,20008590.0,20008207.0
7599.0,20009357.0,20008974.0,20008591.0,20008208.0,20009358.0,20008975.0,20008592.0,20008209.0,20009359.0,20008976.0
7600.0,20008593.0,20008210.0,20009360.0,20008977.0,20008594.0,20008211.0,20009361.0,20008978.0,20008595.0,20008212.0
7601.0,20009362.0,20008979.0,20008596.0,20008213.0,20009363.0,20008980.0,20008597.0,20008214.0,20009364.0,20008981.0
7602.0,20008598.0,20008215.0,20009365.0,20008982.0,20008599.0,20008216.0,20009366.0,20008983.0,20008600.0,20008217.0
7603.0,20009367.0,20008984.0,20008601.0,20008218.0,20009368.0,20008985.0,20008602.0,20008219.0,20009369.0,20008986.0
7604.0,20008603.0,20008220.0,20009370.0,20008987.0,20008604.0,20008221.0,20009371.0,20008988.0,20008605.0,20008222.0
7605.0,20009372.0,20008989.0,20008606.0,20008223.0,20009373.0,20008990.0,20008607.0,20008224.0,20009374.0,20008991.0
7606.0,20008608.0,20008225.0,20009375.0,20008992.0,20008609.0,20008226.0,20009376.0,20008993.0,20008610.0,20008227.0
7607.0,20009377.0,20008994.0,20008611.0,20008228.0,20009378.0,20008995.0,20008612.0,20008229.0,20009379.0,20008996.0
7608.0,20008613.0,20008230.0,20009380.0,20008997.0,20008614.0,20008231.0,20009381.0,20008998.0,20008615.0,20008232.0
7609.0,20009382.0,20008999.0,20008616.0,20008233.0,20009383.0,20009000.0,20008617.0,20008234.0,20009384.0,20009001.0
7610.0,20008618.0,20008235.0,20009385.0,20009002.0,20008619.0,20008236.0,20009386.0,20009003.0,20008620.0,20008237.0
7611.0,20009387.0,20009004.0,20008621.0,20008238.0,20009388.0,20009005.0,20008622.0,20008239.0,20009389.0,20009006.0
7612.0,20008623.0,20008240.0,20009390.0,20009007.0,20008624.0,20008241.0,20009391.0,20009008.0,20008625.0,20008242.0
7613.0,20009392.0,20009009.0,20008626.0,20008243.0,20009393.0,20009010.0,20008627.0,20008244.0,20009394.0,20009011.0
7614.0,20008628.0,20008245.0,20009395.0,20009012.0,20008629.0,20008246.0,20009396.0,20009013.0,20008630.0,20008247.0
7615.0,20009397.0,20009014.0,20008631.0,20008248.0,20009398.0,20009015.0,20008632.0,20008249.0,20009399.0,20009016.0
7616.0,20008633.0,20008250.0,20009400.0,20009017.0,20008634.0,20008251.0,20009401.0,20009018.0,20008635.0,20008252.0
7617.0,20009402.0,20009019.0,20008636.0,20008253.0,20009403.0,20009020.0,20008637.0,20008254.0,20009404.0,20009021.0
7618.0,20008638.0,20008255.0,20009405.0,20009022.0,20008639.0,20008256.0,20009406.0,20009023.0,20008640.0,20008257.0
7619.0,20009407.0,20009024.0,20008641.0,20008258.0,20009408.0,20009025.0,20008642.0,20008259.0,20009409.0,20009026.0
7620.0,20008643.0,20008260.0,20009410.0,20009027.0,20008644.0,20008261.0,20009411.0,20009028.0,20008645.0,20008262.0
7621.0,20009412.0,20009029.0,20008646.0,20008263.0,20009413.0,20009030.0,20008647.0,20008264.0,20009414.0,20009031.0
7622.0,20008648.0,20008265.0,20009415.0,20009032.0,20008649.0,20008266.0,20009416.0,20009033.0,20008650.0,20008267.0
7623.0,20009417.0,20009034.0,20008651.0,20008268.0,20009418.0,20009035.0,20008652.0,20008269.0,20009419.0,20009036.0
7624.0,20008653.0,20008270.0,20009420.0,20009037.0,20008654.0,20008271.0,20009421.0,20009038.0,20008655.0,20008272.0
7625.0,20009422.0,20009039.0,20008656.0,20008273.0,20009423.0,20009040.0,20008657.0,20008274.0,20009424.0,20009041.0
7626.0,20008658.0,20008275.0,20009425.0,20009042.0,20008659.0,20008276.0,20009426.0,20009043.0,20008660.0,20008277.0
7627.0,20009427.0,20009044.0,20008661.0,20008278.0,20009428.0,20009045.0,20008662.0,20008279.0,20009429.0,20009046.0
7628.0,20008663.0,20008280.0,20009430.0,20009047.0,20008664.0,20008281.0,20009431.0,20009048.0,20008665.0,20008282.0
7629.0,20009432.0,20009049.0,20008666.0,20008283.0,20009433.0,20009050.0,20008667.0,20008284.0,20009434.0,20009051.0
7630.0,20008668.0,20008285.0,20009435.0,20009052.0,20008669.0,20008286.0,20009436.0,20009053.0,20008670.0,20008287.0
7631.0,20009437.0,20009054.0,20008671.0,20008288.0,20009438.0,20009055.0,20008672.0,20008289.0,20009439.0,20009056.0
7632.0,20008673.0,20008290.0,20009440.0,20009057.0,20008674.0,20008291.0,20009441.0,20009058.0,20008675.0,20008292.0
7633.0,20009442.0,20009059.0,20008676.0,20008293.0,20009443.0,20009060.0,20008677.0,20008294.0,20009444.0,20009061.0
7634.0,20008678.0,20008295.0,20009445.0,20009062.0,20008679.0,20008296.0,20009446.0,20009063.0,20008680.0,20008297.0
7635.0,20009447.0,20009064.0,20008681.0,20008298.0,20009448.0,20009065.0,20008682.0,20008299.0,20009449.0,20009066.0
7636.0,20008683.0,20008300.0,20009450.0,20009067.0,20008684.0,20008301.0,20009451.0,20009068.0,20008685.0,20008302.0
7637.0,20009452.0,20009069.0,20008686.0,20008303.0,20009453.0,20009070.0,20008687.0,20008304.0,20009454.0,20009071.0
7638.0,20008688.0,20008305.0,20009455.0,20009072.0,20008689.0,20008306.0,20009456.0,20009073.0,20008690.0,20008307.0
7639.0,20009457.0,20009074.0,20008691.0,20008308.0,20009458.0,20009075.0,20008692.0,20008309.0,20009459.0,20009076.0
7640.0,20008693.0,20008310.0,20009460.0,20009077.0,20008694.0,20008311.0,20009461.0,20009078.0,20008695.0,20008312.0
7641.0,20009462.0,20009079.0,20008696.0,20008313.0,20009463.0,20009080.0,20008697.0,20008314.0,20009464.0,20009081.0
7642.0,20008698.0,20008315.0,20009465.0,20009082.0,20008699.0,20008316.0,20009466.0,20009083.0,20008700.0,20008317.0
7643.0,20009467.0,20009084.0,20008701.0,20008318.0,20009468.0,20009085.0,20008702.0,20008319.0,20009469.0,20009086.0
7644.0,20008703.0,20009470.0,20009087.0,20009471.0,20008192.0,20008576.0,20008193.0,20008960.0,20008577.0,20008194.0
7645.0,20009344.0,20008961.0,20008578.0,20008195.0,20009345.0,20008962.0,20008579.0,20008196.0,20009346.0,20008963.0
7646.0,20008580.0,20008197.0,20009347.0,-1.0,-1.0,-1.0,-1.0,-1.0,-1.0,-1.0
7981.0,20008964.0,20008581.0,20008198.0,20009348.0,20008965.0,20008582.0,20008199.0,20009349.0,20008966.0,20008583.0
7982.0,20008200.0,20009350.0,20008967.0,20008584.0,20008201.0,20009351.0,20008968.0,20008585.0,20008202.0,20009352.0
7983.0,20008969.0,20008586.0,20008203.0,20009353.0,20008970.0,20008587.0,20008204.0,20009354.0,20008971.0,20008588.0
7984.0,20008205.0,20009355.0,20008972.0,20008589.0,20008206.0,20009356.0,20008973.0,20008590.0,20008207.0,20009357.0
7985.0,20008974.0,20008591.0,20008208.0,20009358.0,20008975.0,20008592.0,20008209.0,20009359.0,20008976.0,20008593.0
7986.0,20008210.0,20009360.0,20008977.0,20008594.0,20008211.0,20009361.0,20008978.0,20008595.0,20008212.0,20009362.0
7987.0,20008979.0,20008596.0,20008213.0,20009363.0,20008980.0,20008597.0,20008214.0,20009364.0,20008981.0,20008598.0
7988.0,20008215.0,20009365.0,20008982.0,20008599.0,20008216.0,20009366.0,20008983.0,20008600.0,20008217.0,20009367.0
7989.0,20008984.0,20008601.0,20008218.0,20009368.0,20008985.0,20008602.0,20008219.0,20009369.0,20008986.0,20008603.0
7990.0,20008220.0,20009370.0,20008987.0,20008604.0,20008221.0,20009371.0,20008988.0,20008605.0,20008222.0,20009372.0
7991.0,20008989.0,20008606.0,20008223.0,20009373.0,20008990.0,20008607.0,20008224.0,20009374.0,20008991.0,20008608.0
7992.0,20008225.0,20009375.0,20008992.0,20008609.0,20008226.0,20009376.0,20008993.0,20008610.0,20008227.0,20009377.0
7993.0,20008994.0,20008611.0,20008228.0,20009378.0,20008995.0,20008612.0,20008229.0,20009379.0,20008996.0,20008613.0
7994.0,20008230.0,20009380.0,20008997.0,20008614.0,20008231.0,20009381.0,20008998.0,20008615.0,20008232.0,20009382.0
7995.0,20008999.0,20008616.0,20008233.0,20009383.0,20009000.0,20008617.0,20008234.0,20009384.0,20009001.0,20008618.0
7996.0,20008235.0,20009385.0,20009002.0,20008619.0,20008236.0,20009386.0,20009003.0,20008620.0,20008237.0,20009387.0
7997.0,20009004.0,20008621.0,20008238.0,20009388.0,20009005.0,20008622.0,20008239.0,20009389.0,20009006.0,20008623.0
7998.0,20008240.0,20009390.0,20009007.0,20008624.0,20008241.0,20009391.0,20009008.0,20008625.0,20008242.0,20009392.0
7999.0,20009009.0,20008626.0,20008243.0,20009393.0,20009010.0,20008627.0,20008244.0,20009394.0,20009011.0,20008628.0
8000.0,20008245.0,20009395.0,20009012.0,20008629.0,20008246.0,20009396.0,20009013.0,20008630.0,20008247.0,20009397.0
8001.0,20009014.0,20008631.0,20008248.0,20009398.0,20009015.0,20008632.0,20008249.0,20009399.0,20009016.0,20008633.0
8002.0,20008250.0,20009400.0,20009017.0,20008634.0,20008251.0,20009401.0,20009018.0,20008635.0,20008252.0,20009402.0
8003.0,20009019.0,20008636.0,20008253.0,20009403.0,20009020.0,20008637.0,20008254.0,20009404.0,20009021.0,20008638.0
8004.0,20008255.0,20009405.0,20009022.0,20008639.0,20008256.0,20009406.0,20009023.0,20008640.0,20008257.0,20009407.0
8005.0,20009024.0,20008641.0,20008258.0,20009408.0,20009025.0,20008642.0,20008259.0,20009409.0,20009026.0,20008643.0
8006.0,20008260.0,20009410.0,20009027.0,20008644.0,20008261.0,20009411.0,20009028.0,20008645.0,20008262.0,20009412.0
8007.0,20009029.0,20008646.0,20008263.0,20009413.0,20009030.0,20008647.0,20008264.0,20009414.0,20009031.0,20008648.0
8008.0,20008265.0,20009415.0,20009032.0,20008649.0,20008266.0,20009416.0,20009033.0,20008650.0,20008267.0,20009417.0
8009.0,20009034.0,20008651.0,20008268.0,20009418.0,20009035.0,20008652.0,20008269.0,20009419.0,20009036.0,20008653.0
8010.0,20008270.0,20009420.0,20009037.0,20008654.0,20008271.0,20009421.0,20009038.0,20008655.0,20008272.0,20009422.0
8011.0,20009039.0,20008656.0,20008273.0,20009423.0,20009040.0,20008657.0,20008274.0,20009424.0,20009041.0,20008658.0
8012.0,20008275.0,20009425.0,20009042.0,20008659.0,20008276.0,20009426.0,20009043.0,20008660.0,20008277.0,20009427.0
8013.0,20009044.0,20008661.0,20008278.0,20009428.0,20009045.0,20008662.0,20008279.0,20009429.0,20009046.0,20008663.0
8014.0,20008280.0,20009430.0,20009047.0,20008664.0,20008281.0,20009431.0,20009048.0,20008665.0,20008282.0,20009432.0
8015.0,20009049.0,20008666.0,20008283.0,20009433.0,20009050.0,20008667.0,20008284.0,20009434.0,20009051.0,20008668.0
8016.0,20008285.0,20009435.0,20009052.0,20008669.0,20008286.0,20009436.0,20009053.0,20008670.0,20008287.0,20009437.0
8017.0,20009054.0,20008671.0,20008288.0,20009438.0,20009055.0,20008672.0,20008289.0,20009439.0,20009056.0,20008673.0
8018.0,20008290.0,20009440.0,20009057.0,20008674.0,20008291.0,20009441.0,20009058.0,20008675.0,20008292.0,20009442.0
8019.0,20009059.0,20008676.0,20008293.0,20009443.0,20009060.0,20008677.0,20008294.0,20009444.0,20009061.0,20008678.0
8020.0,20008295.0,20009445.0,20009062.0,20008679.0,20008296.0,20009446.0,20009063.0,20008680.0,20008297.0,20009447.0
8021.0,20009064.0,20008681.0,20008298.0,20009448.0,20009065.0,20008682.0,20008299.0,20009449.0,20009066.0,20008683.0
8022.0,20008300.0,20009450.0,20009067.0,20008684.0,20008301.0,20009451.0,20009068.0,20008685.0,20008302.0,20009452.0
8023.0,20009069.0,20008686.0,20008303.0,20009453.0,20009070.0,20008687.0,20008304.0,20009454.0,20009071.0,20008688.0
8024.0,20008305.0,20009455.0,20009072.0,20008689.0,20008306.0,20009456.0,20009073.0,20008690.0,20008307.0,20009457.0
8025.0,20009074.0,20008691.0,20008308.0,20009458.0,20009075.0,20008692.0,20008309.0,20009459.0,20009076.0,20008693.0
8026.0,20008310.0,20009460.0,20009077.0,20008694.0,20008311.0,20009461.0,20009078.0,20008695.0,20008312.0,20009462.0
8027.0,20009079.0,20008696.0,20008313.0,20009463.0,20009080.0,20008697.0,20008314.0,20009464.0,20009081.0,20008698.0
8028.0,20008315.0,20009465.0,20009082.0,20008699.0,20008316.0,20009466.0,20009083.0,20008700.0,20008317.0,20009467.0
8029.0,20009084.0,20008701.0,20008318.0,20009468.0,20009085.0,20008702.0,20008319.0,20009469.0,20009086.0,20008703.0
8030.0,20009470.0,20009087.0,20009471.0,20008192.0,20008576.0,20008193.0,20008960.0,20008577.0,20008194.0,20009344.0
8031.0,20008961.0,20008578.0,20008195.0,20009345.0,20008962.0,20008579.0,20008196.0,20009346.0,20008963.0,20008580.0
8032.0,20008197.0,20009347.0,20008964.0,-1.0,-1.0,-1.0,-1.0,-1.0,-1.0,-1.0
8367.0,20008581.0,20008198.0,20009348.0,20008965.0,20008582.0,20008199.0,20009349.0,20008966.0,20008583.0,20008200.0
8368.0,20009350.0,20008967.0,20008584.0,20008201.0,20009351.0,20008968.0,20008585.0,20008202.0,20009352.0,20008969.0
8369.0,20008586.0,20008203.0,20009353.0,20008970.0,20008587.0,20008204.0,20009354.0,20008971.0,20008588.0,20008205.0
8370.0,20009355.0,20008972.0,20008589.0,20008206.0,20009356.0,20008973.0,20008590.0,20008207.0,20009357.0,20008974.0
8371.0,20008591.0,20008208.0,20009358.0,20008975.0,20008592.0,20008209.0,20009359.0,20008976.0,20008593.0,20008210.0
8372.0,20009360.0,20008977.0,20008594.0,20008211.0,20009361.0,20008978.0,20008595.0,20008212.0,20009362.0,20008979.0
8373.0,20008596.0,20008213.0,20009363.0,20008980.0,20008597.0,20008214.0,20009364.0,20008981.0,20008598.0,20008215.0
8374.0,20009365.0,20008982.0,20008599.0,20008216.0,20009366.0,20008983.0,20008600.0,20008217.0,20009367.0,20008984.0
8375.0,20008601.0,20008218.0,20009368.0,20008985.0,20008602.0,20008219.0,20009369.0,20008986.0,20008603.0,20008220.0
8376.0,20009370.0,20008987.0,20008604.0,20008221.0,20009371.0,20008988.0,20008605.0,20008222.0,20009372.0,20008989.0
8377.0,20008606.0,20008223.0,20009373.0,20008990.0,20008607.0,20008224.0,20009374.0,20008991.0,20008608.0,20008225.0
8378.0,20009375.0,20008992.0,20008609.0,20008226.0,20009376.0,20008993.0,20008610.0,20008227.0,20009377.0,20008994.0
8379.0,20008611.0,20008228.0,20009378.0,20008995.0,20008612.0,20008229.0,20009379.0,20008996.0,20008613.0,20008230.0
8380.0,20009380.0,20008997.0,20008614.0,20008231.0,20009381.0,20008998.0,20008615.0,20008232.0,20009382.0,20008999.0
8381.0,20008616.0,20008233.0,20009383.0,20009000.0,20008617.0,20008234.0,20009384.0,20009001.0,20008618.0,20008235.0
8382.0,20009385.0,20009002.0,20008619.0,20008236.0,20009386.0,20009003.0,20008620.0,20008237.0,20009387.0,20009004.0
8383.0,20008621.0,20008238.0,20009388.0,20009005.0,20008622.0,20008239.0,20009389.0,20009006.0,20008623.0,20008240.0
8384.0,20009390.0,20009007.0,20008624.0,20008241.0,20009391.0,20009008.0,20008625.0,20008242.0,20009392.0,20009009.0
8385.0,20008626.0,20008243.0,20009393.0,20009010.0,20008627.0,20008244.0,20009394.0,20009011.0,20008628.0,20008245.0
8386.0,20009395.0,20009012.0,20008629.0,20008246.0,20009396.0,20009013.0,20008630.0,20008247.0,20009397.0,20009014.0
8387.0,20008631.0,20008248.0,20009398.0,20009015.0,20008632.0,20008249.0,20009399.0,20009016.0,20008633.0,20008250.0
8388.0,20009400.0,20009017.0,20008634.0,20008251.0,20009401.0,20009018.0,20008635.0,20008252.0,20009402.0,20009019.0
8389.0,20008636.0,20008253.0,20009403.0,20009020.0,20008637.0,20008254.0,20009404.0,20009021.0,20008638.0,20008255.0
8390.0,20009405.0,20009022.0,20008639.0,20008256.0,20009406.0,20009023.0,20008640.0,20008257.0,20009407.0,20009024.0
8391.0,20008641.0,20008258.0,20009408.0,20009025.0,20008642.0,20008259.0,20009409.0,20009026.0,20008643.0,20008260.0
8392.0,20009410.0,20009027.0,20008644.0,20008261.0,20009411.0,20009028.0,20008645.0,20008262.0,20009412.0,20009029.0
8393.0,20008646.0,20008263.0,20009413.0,20009030.0,20008647.0,20008264.0,20009414.0,20009031.0,20008648.0,20008265.0
8394.0,20009415.0,20009032.0,20008649.0,20008266.0,20009416.0,20009033.0,20008650.0,20008267.0,20009417.0,20009034.0
8395.0,20008651.0,20008268.0,20009418.0,20009035.0,20008652.0,20008269.0,20009419.0,20009036.0,20008653.0,20008270.0
8396.0,20009420.0,20009037.0,20008654.0,20008271.0,20009421.0,20009038.0,20008655.0,20008272.0,20009422.0,20009039.0
8397.0,20008656.0,20008273.0,20009423.0,20009040.0,20008657.0,20008274.0,20009424.0,20009041.0,20008658.0,20008275.0
8398.0,20009425.0,20009042.0,20008659.0,20008276.0,20009426.0,20009043.0,20008660.0,20008277.0,20009427.0,20009044.0
8399.0,20008661.0,20008278.0,20009428.0,20009045.0,20008662.0,20008279.0,20009429.0,20009046.0,20008663.0,20008280.0
8400.0,20009430.0,20009047.0,20008664.0,20008281.0,20009431.0,20009048.0,20008665.0,20008282.0,20009432.0,20009049.0
8401.0,20008666.0,20008283.0,20009433.0,20009050.0,20008667.0,20008284.0,20009434.0,20009051.0,20008668.0,20008285.0
8402.0,20009435.0,20009052.0,20008669.0,20008286.0,20009436.0,20009053.0,20008670.0,20008287.0,20009437.0,20009054.0
8403.0,20008671.0,20008288.0,20009438.0,20009055.0,20008672.0,20008289.0,20009439.0,20009056.0,20008673.0,20008290.0
8404.0,20009440.0,20009057.0,20008674.0,20008291.0,20009441.0,20009058.0,20008675.0,20008292.0,20009442.0,20009059.0
8405.0,20008676.0,20008293.0,20009443.0,20009060.0,20008677.0,20008294.0,20009444.0,20009061.0,20008678.0,20008295.0
8406.0,20009445.0,20009062.0,20008679.0,20008296.0,20009446.0,20009063.0,20008680.0,20008297.0,20009447.0,20009064.0
8407.0,20008681.0,20008298.0,20009448.0,20009065.0,20008682.0,20008299.0,20009449.0,20009066.0,20008683.0,20008300.0
8408.0,20009450.0,20009067.0,20008684.0,20008301.0,20009451.0,20009068.0,20008685.0,20008302.0,20009452.0,20009069.0
8409.0,20008686.0,20008303.0,20009453.0,20009070.0,20008687.0,20008304.0,20009454.0,20009071.0,20008688.0,20008305.0
8410.0,20009455.0,20009072.0,20008689.0,20008306.0,20009456.0,20009073.0,20008690.0,20008307.0,20009457.0,20009074.0
8411.0,20008691.0,20008308.0,20009458.0,20009075.0,20008692.0,20008309.0,20009459.0,20009076.0,20008693.0,20008310.0
8412.0,20009460.0,20009077.0,20008694.0,20008311.0,20009461.0,20009078.0,20008695.0,20008312.0,20009462.0,20009079.0
8413.0,20008696.0,20008313.0,20009463.0,20009080.0,20008697.0,20008314.0,20009464.0,20009081.0,20008698.0,20008315.0
8414.0,20009465.0,20009082.0,20008699.0,20008316.0,20009466.0,20009083.0,20008700.0,20008317.0,20009467.0,20009084.0
8415.0,20008701.0,20008318.0,20009468.0,20009085.0,20008702.0,20008319.0,20009469.0,20009086.0,20008703.0,20009470.0
8416.0,20009087.0,20009471.0,20008192.0,20008576.0,20008193.0,20008960.0,20008577.0,20008194.0,20009344.0,20008961.0
8417.0,20008578.0,20008195.0,20009345.0,20008962.0,20008579.0,20008196.0,20009346.0,20008963.0,20008580.0,20008197.0
8418.0,20009347.0,20008964.0,20008581.0,-1.0,-1.0,-1.0,-1.0,-1.0,-1.0,-1.0
8753.0,20008198.0,20009348.0,20008965.0,20008582.0,20008199.0,20009349.0,20008966.0,20008583.0,20008200.0,20009350.0
8754.0,20008967.0,20008584.0,20008201.0,20009351.0,20008968.0,20008585.0,20008202.0,20009352.0,20008969.0,20008586.0
8755.0,20008203.0,20009353.0,20008970.0,20008587.0,20008204.0,20009354.0,20008971.0,20008588.0,20008205.0,20009355.0
8756.0,20008972.0,20008589.0,20008206.0,20009356.0,20008973.0,20008590.0,20008207.0,20009357.0,20008974.0,20008591.0
8757.0,20008208.0,20009358.0,20008975.0,20008592.0,20008209.0,20009359.0,20008976.0,20008593.0,20008210.0,20009360.0
8758.0,20008977.0,20008594.0,20008211.0,20009361.0,20008978.0,20008595.0,20008212.0,20009362.0,20008979.0,20008596.0
8759.0,20008213.0,20009363.0,20008980.0,20008597.0,20008214.0,20009364.0,20008981.0,20008598.0,20008215.0,20009365.0
8760.0,20008982.0,20008599.0,20008216.0,20009366.0,20008983.0,20008600.0,20008217.0,20009367.0,20008984.0,20008601.0
8761.0,20008218.0,20009368.0,20008985.0,20008602.0,20008219.0,20009369.0,20008986.0,20008603.0,20008220.0,20009370.0
8762.0,20008987.0,20008604.0,20008221.0,20009371.0,20008988.0,20008605.0,20008222.0,20009372.0,20008989.0,20008606.0
8763.0,20008223.0,20009373.0,20008990.0,20008607.0,20008224.0,20009374.0,20008991.0,20008608.0,20008225.0,20009375.0
8764.0,20008992.0,20008609.0,20008226.0,20009376.0,20008993.0,20008610.0,20008227.0,20009377.0,20008994.0,20008611.0
8765.0,20008228.0,20009378.0,20008995.0,20008612.0,20008229.0,20009379.0,20008996.0,20008613.0,20008230.0,20009380.0
8766.0,20008997.0,20008614.0,20008231.0,20009381.0,20008998.0,20008615.0,20008232.0,20009382.0,20008999.0,20008616.0
8767.0,20008233.0,20009383.0,20009000.0,20008617.0,20008234.0,20009384.0,20009001.0,20008618.0,20008235.0,20009385.0
8768.0,20009002.0,20008619.0,20008236.0,20009386.0,20009003.0,20008620.0,20008237.0,20009387.0,20009004.0,20008621.0
8769.0,20008238.0,20009388.0,20009005.0,20008622.0,20008239.0,20009389.0,20009006.0,20008623.0,20008240.0,20009390.0
8770.0,20009007.0,20008624.0,20008241.0,20009391.0,20009008.0,20008625.0,20008242.0,20009392.0,20009009.0,20008626.0
8771.0,20008243.0,20009393.0,20009010.0,20008627.0,20008244.0,20009394.0,20009011.0,20008628.0,20008245.0,20009395.0
8772.0,20009012.0,20008629.0,20008246.0,20009396.0,20009013.0,20008630.0,20008247.0,20009397.0,20009014.0,20008631.0
8773.0,20008248.0,20009398.0,20009015.0,20008632.0,20008249.0,20009399.0,20009016.0,20008633.0,20008250.0,20009400.0
8774.0,20009017.0,20008634.0,20008251.0,20009401.0,20009018.0,20008635.0,20008252.0,20009402.0,20009019.0,20008636.0
8775.0,20008253.0,20009403.0,20009020.0,20008637.0,20008254.0,20009404.0,20009021.0,20008638.0,20008255.0,20009405.0
8776.0,20009022.0,20008639.0,20008256.0,20009406.0,20009023.0,20008640.0,20008257.0,20009407.0,20009024.0,20008641.0
8777.0,20008258.0,20009408.0,20009025.0,20008642.0,20008259.0,20009409.0,20009026.0,20008643.0,20008260.0,20009410.0
8778.0,20009027.0,20008644.0,20008261.0,20009411.0,20009028.0,20008645.0,20008262.0,20009412.0,20009029.0,20008646.0
8779.0,20008263.0,20009413.0,20009030.0,20008647.0,20008264.0,20009414.0,20009031.0,20008648.0,20008265.0,20009415.0
8780.0,20009032.0,20008649.0,20008266.0,20009416.0,20009033.0,20008650.0,20008267.0,20009417.0,20009034.0,20008651.0
8781.0,20008268.0,20009418.0,20009035.0,20008652.0,20008269.0,20009419.0,20009036.0,20008653.0,20008270.0,20009420.0
8782.0,20009037.0,20008654.0,20008271.0,20009421.0,20009038.0,20008655.0,20008272.0,20009422.0,20009039.0,20008656.0
8783.0,20008273.0,20009423.0,20009040.0,20008657.0,20008274.0,20009424.0,20009041.0,20008658.0,20008275.0,20009425.0
8784.0,20009042.0,20008659.0,20008276.0,20009426.0,20009043.0,20008660.0,20008277.0,20009427.0,20009044.0,20008661.0
8785.0,20008278.0,20009428.0,20009045.0,20008662.0,20008279.0,20009429.0,20009046.0,20008663.0,20008280.0,20009430.0
8786.0,20009047.0,20008664.0,20008281.0,20009431.0,20009048.0,20008665.0,20008282.0,20009432.0,20009049.0,20008666.0
8787.0,20008283.0,20009433.0,20009050.0,20008667.0,20008284.0,20009434.0,20009051.0,20008668.0,20008285.0,20009435.0
8788.0,20009052.0,20008669.0,20008286.0,20009436.0,20009053.0,20008670.0,20008287.0,20009437.0,20009054.0,20008671.0
8789.0,20008288.0,20009438.0,20009055.0,20008672.0,20008289.0,20009439.0,20009056.0,20008673.0,20008290.0,20009440.0
8790.0,20009057.0,20008674.0,20008291.0,20009441.0,20009058.0,20008675.0,20008292.0,20009442.0,20009059.0,20008676.0
8791.0,20008293.0,20009443.0,20009060.0,20008677.0,20008294.0,20009444.0,20009061.0,20008678.0,20008295.0,20009445.0
8792.0,20009062.0,20008679.0,20008296.0,20009446.0,20009063.0,20008680.0,20008297.0,20009447.0,20009064.0,20008681.0
8793.0,20008298.0,20009448.0,20009065.0,20008682.0,20008299.0,20009449.0,20009066.0,20008683.0,20008300.0,20009450.0
8794.0,20009067.0,20008684.0,20008301.0,20009451.0,20009068.0,20008685.0,20008302.0,20009452.0,20009069.0,20008686.0
8795.0,20008303.0,20009453.0,20009070.0,20008687.0,20008304.0,20009454.0,20009071.0,20008688.0,20008305.0,20009455.0
8796.0,20009072.0,20008689.0,20008306.0,20009456.0,20009073.0,20008690.0,20008307.0,20009457.0,20009074.0,20008691.0
8797.0,20008308.0,20009458.0,20009075.0,20008692.0,20008309.0,20009459.0,20009076.0,20008693.0,20008310.0,20009460.0
8798.0,20009077.0,20008694.0,20008311.0,20009461.0,20009078.0,20008695.0,20008312.0,20009462.0,20009079.0,20008696.0
8799.0,20008313.0,20009463.0,20009080.0,20008697.0,20008314.0,20009464.0,20009081.0,20008698.0,20008315.0,20009465.0
8800.0,20009082.0,20008699.0,20008316.0,20009466.0,20009083.0,20008700.0,20008317.0,20009467.0,20009084.0,20008701.0
8801.0,20008318.0,20009468.0,20009085.0,20008702.0,20008319.0,20009469.0,20009086.0,20008703.0,20009470.0,20009087.0
8802.0,20009471.0,20008192.0,20008576.0,20008193.0,20008960.0,20008577.0,20008194.0,20009344.0,20008961.0,20008578.0
8803.0,20008195.0,20009345.0,20008962.0,20008579.0,20008196.0,20009346.0,20008963.0,20008580.0,20008197.0,20009347.0
8804.0,20008964.0,20008581.0,20008198.0,-1.0,-1.0,-1.0,-1.0,-1.0,-1.0,-1.0
9140.0,20009348.0,20008965.0,20008582.0,20008199.0,20009349.0,20008966.0,20008583.0,20008200.0,20009350.0,20008967.0
9141.0,20008584.0,20008201.0,20009351.0,20008968.0,20008585.0,20008202.0,20009352.0,20008969.0,20008586.0,20008203.0
9142.0,20009353.0,20008970.0,20008587.0,20008204.0,20009354.0,20008971.0,20008588.0,20008205.0,20009355.0,20008972.0
9143.0,20008589.0,20008206.0,20009356.0,20008973.0,20008590.0,20008207.0,20009357.0,20008974.0,20008591.0,20008208.0
9144.0,20009358.0,20008975.0,20008592.0,20008209.0,20009359.0,20008976.0,20008593.0,20008210.0,20009360.0,20008977.0
9145.0,20008594.0,20008211.0,20009361.0,20008978.0,20008595.0,20008212.0,20009362.0,20008979.0,20008596.0,20008213.0
9146.0,20009363.0,20008980.0,20008597.0,20008214.0,20009364.0,20008981.0,20008598.0,20008215.0,20009365.0,20008982.0
9147.0,20008599.0,20008216.0,20009366.0,20008983.0,20008600.0,20008217.0,20009367.0,20008984.0,20008601.0,20008218.0
9148.0,20009368.0,20008985.0,20008602.0,20008219.0,20009369.0,20008986.0,20008603.0,20008220.0,20009370.0,20008987.0
9149.0,20008604.0,20008221.0,20009371.0,20008988.0,20008605.0,20008222.0,20009372.0,20008989.0,20008606.0,20008223.0
9150.0,20009373.0,20008990.0,20008607.0,20008224.0,20009374.0,20008991.0,20008608.0,20008225.0,20009375.0,20008992.0
9151.0,20008609.0,20008226.0,20009376.0,20008993.0,20008610.0,20008227.0,20009377.0,20008994.0,20008611.0,20008228.0
9152.0,20009378.0,20008995.0,20008612.0,20008229.0,20009379.0,20008996.0,20008613.0,20008230.0,20009380.0,20008997.0
9153.0,20008614.0,20008231.0,20009381.0,20008998.0,20008615.0,20008232.0,20009382.0,20008999.0,20008616.0,20008233.0
9154.0,20009383.0,20009000.0,20008617.0,20008234.0,20009384.0,20009001.0,20008618.0,20008235.0,20009385.0,20009002.0
9155.0,20008619.0,20008236.0,20009386.0,20009003.0,20008620.0,20008237.0,20009387.0,20009004.0,20008621.0,20008238.0
9156.0,20009388.0,20009005.0,20008622.0,20008239.0,20009389.0,20009006.0,20008623.0,20008240.0,20009390.0,20009007.0
9157.0,20008624.0,20008241.0,20009391.0,20009008.0,20008625.0,20008242.0,20009392.0,20009009.0,20008626.0,20008243.0
9158.0,20009393.0,20009010.0,20008627.0,20008244.0,20009394.0,20009011.0,20008628.0,20008245.0,20009395.0,20009012.0
9159.0,20008629.0,20008246.0,20009396.0,20009013.0,20008630.0,20008247.0,20009397.0,20009014.0,20008631.0,20008248.0
9160.0,20009398.0,20009015.0,20008632.0,20008249.0,20009399.0,20009016.0,20008633.0,20008250.0,20009400.0,20009017.0
9161.0,20008634.0,20008251.0,20009401.0,20009018.0,20008635.0,20008252.0,20009402.0,20009019.0,20008636.0,20008253.0
9162.0,20009403.0,20009020.0,20008637.0,20008254.0,20009404.0,20009021.0,20008638.0,20008255.0,20009405.0,20009022.0
9163.0,20008639.0,20008256.0,20009406.0,20009023.0,20008640.0,20008257.0,20009407.0,20009024.0,20008641.0,20008258.0
9164.0,20009408.0,20009025.0,20008642.0,20008259.0,20009409.0,20009026.0,20008643.0,20008260.0,20009410.0,20009027.0
9165.0,20008644.0,20008261.0,20009411.0,20009028.0,20008645.0,20008262.0,20009412.0,20009029.0,20008646.0,20008263.0
9166.0,20009413.0,20009030.0,20008647.0,20008264.0,20009414.0,20009031.0,20008648.0,20008265.0,20009415.0,20009032.0
9167.0,20008649.0,20008266.0,20009416.0,20009033.0,20008650.0,20008267.0,20009417.0,20009034.0,20008651.0,20008268.0
9168.0,20009418.0,20009035.0,20008652.0,20008269.0,20009419.0,20009036.0,20008653.0,20008270.0,20009420.0,20009037.0
9169.0,20008654.0,20008271.0,20009421.0,20009038.0,20008655.0,20008272.0,20009422.0,20009039.0,20008656.0,20008273.0
9170.0,20009423.0,20009040.0,20008657.0,20008274.0,20009424.0,20009041.0,20008658.0,20008275.0,20009425.0,20009042.0
9171.0,20008659.0,20008276.0,20009426.0,20009043.0,20008660.0,20008277.0,20009427.0,20009044.0,20008661.0,20008278.0
9172.0,20009428.0,20009045.0,20008662.0,20008279.0,20009429.0,20009046.0,20008663.0,20008280.0,20009430.0,20009047.0
9173.0,20008664.0,20008281.0,20009431.0,20009048.0,20008665.0,20008282.0,20009432.0,20009049.0,20008666.0,20008283.0
9174.0,20009433.0,20009050.0,20008667.0,20008284.0,20009434.0,20009051.0,20008668.0,20008285.0,20009435.0,20009052.0
9175.0,20008669.0,20008286.0,20009436.0,20009053.0,20008670.0,20008287.0,20009437.0,20009054.0,20008671.0,20008288.0
9176.0,20009438.0,20009055.0,20008672.0,20008289.0,20009439.0,20009056.0,20008673.0,20008290.0,20009440.0,20009057.0
9177.0,20008674.0,20008291.0,20009441.0,20009058.0,20008675.0,20008292.0,20009442.0,20009059.0,20008676.0,20008293.0
9178.0,20009443.0,20009060.0,20008677.0,20008294.0,20009444.0,20009061.0,20008678.0,20008295.0,20009445.0,20009062.0
9179.0,20008679.0,20008296.0,20009446.0,20009063.0,20008680.0,20008297.0,20009447.0,20009064.0,20008681.0,20008298.0
9180.0,20009448.0,20009065.0,20008682.0,20008299.0,20009449.0,20009066.0,20008683.0,20008300.0,20009450.0,20009067.0
9181.0,20008684.0,20008301.0,20009451.0,20009068.0,20008685.0,20008302.0,20009452.0,20009069.0,20008686.0,20008303.0
9182.0,20009453.0,20009070.0,20008687.0,20008304.0,20009454.0,20009071.0,20008688.0,20008305.0,20009455.0,20009072.0
9183.0,20008689.0,20008306.0,20009456.0,20009073.0,20008690.0,20008307.0,20009457.0,20009074.0,20008691.0,20008308.0
9184.0,20009458.0,20009075.0,20008692.0,20008309.0,20009459.0,20009076.0,20008693.0,20008310.0,20009460.0,20009077.0
9185.0,20008694.0,20008311.0,20009461.0,20009078.0,20008695.0,20008312.0,20009462.0,20009079.0,20008696.0,20008313.0
9186.0,20009463.0,20009080.0,20008697.0,20008314.0,20009464.0,20009081.0,20008698.0,20008315.0,20009465.0,20009082.0
9187.0,20008699.0,20008316.0,20009466.0,20009083.0,20008700.0,20008317.0,20009467.0,20009084.0,20008701.0,20008318.0
9188.0,20009468.0,20009085.0,20008702.0,20008319.0,20009469.0,20009086.0,20008703.0,20009470.0,20009087.0,20009471.0
9189.0,20008192.0,20008576.0,20008193.0,20008960.0,20008577.0,20008194.0,20009344.0,20008961.0,20008578.0,20008195.0
9190.0,20009345.0,20008962.0,20008579.0,20008196.0,20009346.0,20008963.0,20008580.0,20008197.0,20009347.0,20008964.0
9191.0,20008581.0,20008198.0,20009348.0,-1.0,-1.0,-1.0,-1.0,-1.0,-1.0,-1.0
9526.0,20008965.0,20008582.0,20008199.0,20009349.0,20008966.0,20008583.0,20008200.0,20009350.0,20008967.0,20008584.0
9527.0,20008201.0,20009351.0,20008968.0,20008585.0,20008202.0,20009352.0,20008969.0,20008586.0,20008203.0,20009353.0
9528.0,20008970.0,20008587.0,20008204.0,20009354.0,20008971.0,20008588.0,20008205.0,20009355.0,20008972.0,20008589.0
9529.0,20008206.0,20009356.0,20008973.0,20008590.0,20008207.0,20009357.0,20008974.0,20008591.0,20008208.0,20009358.0
9530.0,20008975.0,20008592.0,20008209.0,20009359.0,20008976.0,20008593.0,20008210.0,20009360.0,20008977.0,20008594.0
9531.0,20008211.0,20009361.0,20008978.0,20008595.0,20008212.0,20009362.0,20008979.0,20008596.0,20008213.0,20009363.0
9532.0,20008980.0,20008597.0,20008214.0,20009364.0,20008981.0,20008598.0,20008215.0,20009365.0,20008982.0,20008599.0
9533.0,20008216.0,20009366.0,20008983.0,20008600.0,20008217.0,20009367.0,20008984.0,20008601.0,20008218.0,20009368.0
9534.0,20008985.0,20008602.0,20008219.0,20009369.0,20008986.0,20008603.0,20008220.0,20009370.0,20008987.0,20008604.0
9535.0,20008221.0,20009371.0,20008988.0,20008605.0,20008222.0,20009372.0,20008989.0,20008606.0,20008223.0,20009373.0
9536.0,20008990.0,20008607.0,20008224.0,20009374.0,20008991.0,20008608.0,20008225.0,20009375.0,20008992.0,20008609.0
9537.0,20008226.0,20009376.0,20008993.0,20008610.0,20008227.0,20009377.0,20008994.0,20008611.0,20008228.0,20009378.0
9538.0,20008995.0,20008612.0,20008229.0,20009379.0,20008996.0,20008613.0,20008230.0,20009380.0,20008997.0,20008614.0
9539.0,20008231.0,20009381.0,20008998.0,20008615.0,20008232.0,20009382.0,20008999.0,20008616.0,20008233.0,20009383.0
9540.0,20009000.0,20008617.0,20008234.0,20009384.0,20009001.0,20008618.0,20008235.0,20009385.0,20009002.0,20008619.0
9541.0,20008236.0,20009386.0,20009003.0,20008620.0,20008237.0,20009387.0,20009004.0,20008621.0,20008238.0,20009388.0
9542.0,20009005.0,20008622.0,20008239.0,20009389.0,20009006.0,20008623.0,20008240.0,20009390.0,20009007.0,20008624.0
9543.0,20008241.0,20009391.0,20009008.0,20008625.0,20008242.0,20009392.0,20009009.0,20008626.0,20008243.0,20009393.0
9544.0,20009010.0,20008627.0,20008244.0,20009394.0,20009011.0,20008628.0,20008245.0,20009395.0,20009012.0,20008629.0
9545.0,20008246.0,20009396.0,20009013.0,20008630.0,20008247.0,20009397.0,20009014.0,20008631.0,20008248.0,20009398.0
9546.0,20009015.0,20008632.0,20008249.0,20009399.0,20009016.0,20008633.0,20008250.0,20009400.0,20009017.0,20008634.0
9547.0,20008251.0,20009401.0,20009018.0,20008635.0,20008252.0,20009402.0,20009019.0,20008636.0,20008253.0,20009403.0
9548.0,20009020.0,20008637.0,20008254.0,20009404.0,20009021.0,20008638.0,20008255.0,20009405.0,20009022.0,20008639.0
9549.0,20008256.0,20009406.0,20009023.0,20008640.0,20008257.0,20009407.0,20009024.0,20008641.0,20008258.0,20009408.0
9550.0,20009025.0,20008642.0,20008259.0,20009409.0,20009026.0,20008643.0,20008260.0,20009410.0,20009027.0,20008644.0
9551.0,20008261.0,20009411.0,20009028.0,20008645.0,20008262.0,20009412.0,20009029.0,20008646.0,20008263.0,20009413.0
9552.0,20009030.0,20008647.0,20008264.0,20009414.0,20009031.0,20008648.0,20008265.0,20009415.0,20009032.0,20008649.0
9553.0,20008266.0,20009416.0,20009033.0,20008650.0,20008267.0,20009417.0,20009034.0,20008651.0,20008268.0,20009418.0
9554.0,20009035.0,20008652.0,20008269.0,20009419.0,20009036.0,20008653.0,20008270.0,20009420.0,20009037.0,20008654.0
9555.0,20008271.0,20009421.0,20009038.0,20008655.0,20008272.0,20009422.0,20009039.0,20008656.0,20008273.0,20009423.0
9556.0,20009040.0,20008657.0,20008274.0,20009424.0,20009041.0,20008658.0,20008275.0,20009425.0,20009042.0,20008659.0
9557.0,20008276.0,20009426.0,20009043.0,20008660.0,20008277.0,20009427.0,20009044.0,20008661.0,20008278.0,20009428.0
9558.0,20009045.0,20008662.0,20008279.0,20009429.0,20009046.0,20008663.0,20008280.0,20009430.0,20009047.0,20008664.0
9559.0,20008281.0,20009431.0,20009048.0,20008665.0,20008282.0,20009432.0,20009049.0,20008666.0,20008283.0,20009433.0
9560.0,20009050.0,20008667.0,20008284.0,20009434.0,20009051.0,20008668.0,20008285.0,20009435.0,20009052.0,20008669.0
9561.0,20008286.0,20009436.0,20009053.0,20008670.0,20008287.0,20009437.0,20009054.0,20008671.0,20008288.0,20009438.0
9562.0,20009055.0,20008672.0,20008289.0,20009439.0,20009056.0,20008673.0,20008290.0,20009440.0,20009057.0,20008674.0
9563.0,20008291.0,20009441.0,20009058.0,20008675.0,20008292.0,20009442.0,20009059.0,20008676.0,20008293.0,20009443.0
9564.0,20009060.0,20008677.0,20008294.0,20009444.0,20009061.0,20008678.0,20008295.0,20009445.0,20009062.0,20008679.0
9565.0,20008296.0,20009446.0,20009063.0,20008680.0,20008297.0,20009447.0,20009064.0,20008681.0,20008298.0,20009448.0
9566.0,20009065.0,20008682.0,20008299.0,20009449.0,20009066.0,20008683.0,20008300.0,20009450.0,20009067.0,20008684.0
9567.0,20008301.0,20009451.0,20009068.0,20008685.0,20008302.0,20009452.0,20009069.0,20008686.0,20008303.0,20009453.0
9568.0,20009070.0,20008687.0,20008304.0,20009454.0,20009071.0,20008688.0,20008305.0,20009455.0,20009072.0,20008689.0
9569.0,20008306.0,20009456.0,20009073.0,20008690.0,20008307.0,20009457.0,20009074.0,20008691.0,20008308.0,20009458.0
9570.0,20009075.0,20008692.0,20008309.0,20009459.0,20009076.0,20008693.0,20008310.0,20009460.0,20009077.0,20008694.0
9571.0,20008311.0,20009461.0,20009078.0,20008695.0,20008312.0,20009462.0,20009079.0,20008696.0,20008313.0,20009463.0
9572.0,20009080.0,20008697.0,20008314.0,20009464.0,20009081.0,20008698.0,20008315.0,20009465.0,20009082.0,20008699.0
9573.0,20008316.0,20009466.0,20009083.0,20008700.0,20008317.0,20009467.0,20009084.0,20008701.0,20008318.0,20009468.0
9574.0,20009085.0,20008702.0,20008319.0,20009469.0,20009086.0,20008703.0,20009470.0,20009087.0,20009471.0,20008192.0
9575.0,20008576.0,20008193.0,20008960.0,20008577.0,20008194.0,20009344.0,20008961.0,20008578.0,20008195.0,20009345.0
9576.0,20008962.0,20008579.0,20008196.0,20009346.0,20008963.0,20008580.0,20008197.0,20009347.0,20008964.0,20008581.0
9577.0,20008198.0,20009348.0,20008965.0,-1.0,-1.0,-1.0,-1.0,-1.0,-1.0,-1.0
9912.0,20008582.0,20008199.0,20009349.0,20008966.0,20008583.0,20008200.0,20009350.0,20008967.0,20008584.0,20008201.0
9913.0,20009351.0,20008968.0,20008585.0,20008202.0,20009352.0,20008969.0,20008586.0,20008203.0,20009353.0,20008970.0
9914.0,20008587.0,20008204.0,20009354.0,20008971.0,20008588.0,20008205.0,20009355.0,20008972.0,20008589.0,20008206.0
9915.0,20009356.0,20008973.0,20008590.0,20008207.0,20009357.0,20008974.0,20008591.0,20008208.0,20009358.0,20008975.0
9916.0,20008592.0,20008209.0,20009359.0,20008976.0,20008593.0,20008210.0,20009360.0,20008977.0,20008594.0,20008211.0
9917.0,20009361.0,20008978.0,20008595.0,20008212.0,20009362.0,20008979.0,20008596.0,20008213.0,20009363.0,20008980.0
9918.0,20008597.0,20008214.0,20009364.0,20008981.0,20008598.0,20008215.0,20009365.0,20008982.0,20008599.0,20008216.0
9919.0,20009366.0,20008983.0,20008600.0,20008217.0,20009367.0,20008984.0,20008601.0,20008218.0,20009368.0,20008985.0
9920.0,20008602.0,20008219.0,20009369.0,20008986.0,20008603.0,20008220.0,20009370.0,20008987.0,20008604.0,20008221.0
9921.0,20009371.0,20008988.0,20008605.0,20008222.0,20009372.0,20008989.0,20008606.0,20008223.0,20009373.0,20008990.0
9922.0,20008607.0,20008224.0,20009374.0,20008991.0,20008608.0,20008225.0,20009375.0,20008992.0,20008609.0,20008226.0
9923.0,20009376.0,20008993.0,20008610.0,20008227.0,20009377.0,20008994.0,20008611.0,20008228.0,20009378.0,20008995.0
9924.0,20008612.0,20008229.0,20009379.0,20008996.0,20008613.0,20008230.0,20009380.0,20008997.0,20008614.0,20008231.0
9925.0,20009381.0,20008998.0,20008615.0,20008232.0,20009382.0,20008999.0,20008616.0,20008233.0,20009383.0,20009000.0
9926.0,20008617.0,20008234.0,20009384.0,20009001.0,20008618.0,20008235.0,20009385.0,20009002.0,20008619.0,20008236.0
9927.0,20009386.0,20009003.0,20008620.0,20008237.0,20009387.0,20009004.0,20008621.0,20008238.0,20009388.0,20009005.0
9928.0,20008622.0,20008239.0,20009389.0,20009006.0,20008623.0,20008240.0,20009390.0,20009007.0,20008624.0,20008241.0
9929.0,20009391.0,20009008.0,20008625.0,20008242.0,20009392.0,20009009.0,20008626.0,20008243.0,20009393.0,20009010.0
9930.0,20008627.0,20008244.0,20009394.0,20009011.0,20008628.0,20008245.0,20009395.0,20009012.0,20008629.0,20008246.0
9931.0,20009396.0,20009013.0,20008630.0,20008247.0,20009397.0,20009014.0,20008631.0,20008248.0,20009398.0,20009015.0
9932.0,20008632.0,20008249.0,20009399.0,20009016.0,20008633.0,20008250.0,20009400.0,20009017.0,20008634.0,20008251.0
9933.0,20009401.0,20009018.0,20008635.0,20008252.0,20009402.0,20009019.0,20008636.0,20008253.0,20009403.0,20009020.0
9934.0,20008637.0,20008254.0,20009404.0,20009021.0,20008638.0,20008255.0,20009405.0,20009022.0,20008639.0,20008256.0
9935.0,20009406.0,20009023.0,20008640.0,20008257.0,20009407.0,20009024.0,20008641.0,20008258.0,20009408.0,20009025.0
9936.0,20008642.0,20008259.0,20009409.0,20009026.0,20008643.0,20008260.0,20009410.0,20009027.0,20008644.0,20008261.0
9937.0,20009411.0,20009028.0,20008645.0,20008262.0,20009412.0,20009029.0,20008646.0,20008263.0,20009413.0,20009030.0
9938.0,20008647.0,20008264.0,20009414.0,20009031.0,20008648.0,20008265.0,20009415.0,20009032.0,20008649.0,20008266.0
9939.0,20009416.0,20009033.0,20008650.0,20008267.0,20009417.0,20009034.0,20008651.0,20008268.0,20009418.0,20009035.0
9940.0,20008652.0,20008269.0,20009419.0,20009036.0,20008653.0,20008270.0,20009420.0,20009037.0,20008654.0,20008271.0
9941.0,20009421.0,20009038.0,20008655.0,20008272.0,20009422.0,20009039.0,20008656.0,20008273.0,20009423.0,20009040.0
9942.0,20008657.0,20008274.0,20009424.0,20009041.0,20008658.0,20008275.0,20009425.0,20009042.0,20008659.0,20008276.0
9943.0,20009426.0,20009043.0,20008660.0,20008277.0,20009427.0,20009044.0,20008661.0,20008278.0,20009428.0,20009045.0
9944.0,20008662.0,20008279.0,20009429.0,20009046.0,20008663.0,20008280.0,20009430.0,20009047.0,20008664.0,20008281.0
9945.0,20009431.0,20009048.0,20008665.0,20008282.0,20009432.0,20009049.0,20008666.0,20008283.0,20009433.0,20009050.0
9946.0,20008667.0,20008284.0,20009434.0,20009051.0,20008668.0,20008285.0,20009435.0,20009052.0,20008669.0,20008286.0
9947.0,20009436.0,20009053.0,20008670.0,20008287.0,20009437.0,20009054.0,20008671.0,20008288.0,20009438.0,20009055.0
9948.0,20008672.0,20008289.0,20009439.0,20009056.0,20008673.0,20008290.0,20009440.0,20009057.0,20008674.0,20008291.0
9949.0,20009441.0,20009058.0,20008675.0,20008292.0,20009442.0,20009059.0,20008676.0,20008293.0,20009443.0,20009060.0
9950.0,20008677.0,20008294.0,20009444.0,20009061.0,20008678.0,20008295.0,20009445.0,20009062.0,20008679.0,20008296.0
9951.0,20009446.0,20009063.0,20008680.0,20008297.0,20009447.0,20009064.0,20008681.0,20008298.0,20009448.0,20009065.0
9952.0,20008682.0,20008299.0,20009449.0,20009066.0,20008683.0,20008300.0,20009450.0,20009067.0,20008684.0,20008301.0
9953.0,20009451.0,20009068.0,20008685.0,20008302.0,20009452.0,20009069.0,20008686.0,20008303.0,20009453.0,20009070.0
9954.0,20008687.0,20008304.0,20009454.0,20009071.0,20008688.0,20008305.0,20009455.0,20009072.0,20008689.0,20008306.0
9955.0,20009456.0,20009073.0,20008690.0,20008307.0,20009457.0,20009074.0,20008691.0,20008308.0,20009458.0,20009075.0
9956.0,20008692.0,20008309.0,20009459.0,20009076.0,20008693.0,20008310.0,20009460.0,20009077.0,20008694.0,20008311.0
9957.0,20009461.0,20009078.0,20008695.0,20008312.0,20009462.0,20009079.0,20008696.0,20008313.0,20009463.0,20009080.0
9958.0,20008697.0,20008314.0,20009464.0,20009081.0,20008698.0,20008315.0,20009465.0,20009082.0,20008699.0,20008316.0
9959.0,20009466.0,20009083.0,20008700.0,20008317.0,20009467.0,20009084.0,20008701.0,20008318.0,20009468.0,20009085.0
9960.0,20008702.0,20008319.0,20009469.0,20009086.0,20008703.0,20009470.0,20009087.0,20009471.0,20008192.0,20008576.0
9961.0,20008193.0,20008960.0,20008577.0,20008194.0,20009344.0,20008961.0,20008578.0,20008195.0,20009345.0,20008962.0
9962.0,20008579.0,20008196.0,20009346.0,20008963.0,20008580.0,20008197.0,20009347.0,20008964.0,20008581.0,20008198.0
9963.0,20009348.0,20008965.0,20008582.0,-1.0,-1.0,-1.0,-1.0,-1.0,-1.0,-1.0
10298.0,20008199.0,20009349.0,20008966.0,20008583.0,20008200.0,20009350.0,20008967.0,20008584.0,20008201.0,20009351.0
10299.0,20008968.0,20008585.0,20008202.0,20009352.0,20008969.0,20008586.0,20008203.0,20009353.0,20008970.0,20008587.0
10300.0,20008204.0,20009354.0,20008971.0,20008588.0,20008205.0,20009355.0,20008972.0,20008589.0,20008206.0,20009356.0
10301.0,20008973.0,20008590.0,20008207.0,20009357.0,20008974.0,20008591.0,20008208.0,20009358.0,20008975.0,20008592.0
10302.0,20008209.0,20009359.0,20008976.0,20008593.0,20008210.0,20009360.0,20008977.0,20008594.0,20008211.0,20009361.0
10303.0,20008978.0,20008595.0,20008212.0,20009362.0,20008979.0,20008596.0,20008213.0,20009363.0,20008980.0,20008597.0
10304.0,20008214.0,20009364.0,20008981.0,20008598.0,20008215.0,20009365.0,20008982.0,20008599.0,20008216.0,20009366.0
10305.0,20008983.0,20008600.0,20008217.0,20009367.0,20008984.0,20008601.0,20008218.0,20009368.0,20008985.0,20008602.0
10306.0,20008219.0,20009369.0,20008986.0,20008603.0,20008220.0,20009370.0,20008987.0,20008604.0,20008221.0,20009371.0
10307.0,20008988.0,20008605.0,20008222.0,20009372.0,20008989.0,20008606.0,20008223.0,20009373.0,20008990.0,20008607.0
10308.0,20008224.0,20009374.0,20008991.0,20008608.0,20008225.0,20009375.0,20008992.0,20008609.0,20008226.0,20009376.0
10309.0,20008993.0,20008610.0,20008227.0,20009377.0,20008994.0,20008611.0,20008228.0,20009378.0,20008995.0,20008612.0
10310.0,20008229.0,20009379.0,20008996.0,20008613.0,20008230.0,20009380.0,20008997.0,20008614.0,20008231.0,20009381.0
10311.0,20008998.0,20008615.0,20008232.0,20009382.0,20008999.0,20008616.0,20008233.0,20009383.0,20009000.0,20008617.0
10312.0,20008234.0,20009384.0,20009001.0,20008618.0,20008235.0,20009385.0,20009002.0,20008619.0,20008236.0,20009386.0
10313.0,20009003.0,20008620.0,20008237.0,20009387.0,20009004.0,20008621.0,20008238.0,20009388.0,20009005.0,20008622.0
10314.0,20008239.0,20009389.0,20009006.0,20008623.0,20008240.0,20009390.0,20009007.0,20008624.0,20008241.0,20009391.0
10315.0,20009008.0,20008625.0,20008242.0,20009392.0,20009009.0,20008626.0,20008243.0,20009393.0,20009010.0,20008627.0
10316.0,20008244.0,20009394.0,20009011.0,20008628.0,20008245.0,20009395.0,20009012.0,20008629.0,20008246.0,20009396.0
10317.0,20009013.0,20008630.0,20008247.0,20009397.0,20009014.0,20008631.0,20008248.0,20009398.0,20009015.0,20008632.0
10318.0,20008249.0,20009399.0,20009016.0,20008633.0,20008250.0,20009400.0,20009017.0,20008634.0,20008251.0,20009401.0
10319.0,20009018.0,20008635.0,20008252.0,20009402.0,20009019.0,20008636.0,20008253.0,20009403.0,20009020.0,20008637.0
10320.0,20008254.0,20009404.0,20009021.0,20008638.0,20008255.0,20009405.0,20009022.0,20008639.0,20008256.0,20009406.0
10321.0,20009023.0,20008640.0,20008257.0,20009407.0,20009024.0,20008641.0,20008258.0,20009408.0,20009025.0,20008642.0
10322.0,20008259.0,20009409.0,20009026.0,20008643.0,20008260.0,20009410.0,20009027.0,20008644.0,20008261.0,20009411.0
10323.0,20009028.0,20008645.0,20008262.0,20009412.0,20009029.0,20008646.0,20008263.0,20009413.0,20009030.0,20008647.0
10324.0,20008264.0,20009414.0,20009031.0,20008648.0,20008265.0,20009415.0,20009032.0,20008649.0,20008266.0,20009416.0
10325.0,20009033.0,20008650.0,20008267.0,20009417.0,20009034.0,20008651.0,20008268.0,20009418.0,20009035.0,20008652.0
10326.0,20008269.0,20009419.0,20009036.0,20008653.0,20008270.0,20009420.0,20009037.0,20008654.0,20008271.0,20009421.0
10327.0,20009038.0,20008655.0,20008272.0,20009422.0,20009039.0,20008656.0,20008273.0,20009423.0,20009040.0,20008657.0
10328.0,20008274.0,20009424.0,20009041.0,20008658.0,20008275.0,20009425.0,20009042.0,20008659.0,20008276.0,20009426.0
10329.0,20009043.0,20008660.0,20008277.0,20009427.0,20009044.0,20008661.0,20008278.0,20009428.0,20009045.0,20008662.0
10330.0,20008279.0,20009429.0,20009046.0,20008663.0,20008280.0,20009430.0,20009047.0,20008664.0,20008281.0,20009431.0
10331.0,20009048.0,20008665.0,20008282.0,20009432.0,20009049.0,20008666.0,20008283.0,20009433.0,20009050.0,20008667.0
10332.0,20008284.0,20009434.0,20009051.0,20008668.0,20008285.0,20009435.0,20009052.0,20008669.0,20008286.0,20009436.0
10333.0,20009053.0,20008670.0,20008287.0,20009437.0,20009054.0,20008671.0,20008288.0,20009438.0,20009055.0,20008672.0
10334.0,20008289.0,20009439.0,20009056.0,20008673.0,20008290.0,20009440.0,20009057.0,20008674.0,20008291.0,20009441.0
10335.0,20009058.0,20008675.0,20008292.0,20009442.0,20009059.0,20008676.0,20008293.0,20009443.0,20009060.0,20008677.0
10336.0,20008294.0,20009444.0,20009061.0,20008678.0,20008295.0,20009445.0,20009062.0,20008679.0,20008296.0,20009446.0
10337.0,20009063.0,20008680.0,20008297.0,20009447.0,20009064.0,20008681.0,20008298.0,20009448.0,20009065.0,20008682.0
10338.0,20008299.0,20009449.0,20009066.0,20008683.0,20008300.0,20009450.0,20009067.0,20008684.0,20008301.0,20009451.0
10339.0,20009068.0,20008685.0,20008302.0,20009452.0,20009069.0,20008686.0,20008303.0,20009453.0,20009070.0,20008687.0
10340.0,20008304.0,20009454.0,20009071.0,20008688.0,20008305.0,20009455.0,20009072.0,20008689.0,20008306.0,20009456.0
10341.0,20009073.0,20008690.0,20008307.0,20009457.0,20009074.0,20008691.0,20008308.0,20009458.0,20009075.0,20008692.0
10342.0,20008309.0,20009459.0,20009076.0,20008693.0,20008310.0,20009460.0,20009077.0,20008694.0,20008311.0,20009461.0
10343.0,20009078.0,20008695.0,20008312.0,20009462.0,20009079.0,20008696.0,20008313.0,20009463.0,20009080.0,20008697.0
10344.0,20008314.0,20009464.0,20009081.0,20008698.0,20008315.0,20009465.0,20009082.0,20008699.0,20008316.0,20009466.0
10345.0,20009083.0,20008700.0,20008317.0,20009467.0,20009084.0,20008701.0,20008318.0,20009468.0,20009085.0,20008702.0
10346.0,20008319.0,20009469.0,20009086.0,20008703.0,20009470.0,20009087.0,20009471.0,20008192.0,20008576.0,20008193.0
10347.0,20008960.0,20008577.0,20008194.0,20009344.0,20008961.0,20008578.0,20008195.0,20009345.0,20008962.0,20008579.0
10348.0,20008196.0,20009346.0,20008963.0,20008580.0,20008197.0,20009347.0,20008964.0,20008581.0,20008198.0,20009348.0
10349.0,20008965.0,20008582.0,20008199.0,-1.0,-1.0,-1.0,-1.0,-1.0,-1.0,-1.0
10685.0,20009349.0,20008966.0,20008583.0,20008200.0,20009350.0,20008967.0,20008584.0,20008201.0,20009351.0,20008968.0
10686.0,20008585.0,20008202.0,20009352.0,20008969.0,20008586.0,20008203.0,20009353.0,20008970.0,20008587.0,20008204.0
10687.0,20009354.0,20008971.0,20008588.0,20008205.0,20009355.0,20008972.0,20008589.0,20008206.0,20009356.0,20008973.0
10688.0,20008590.0,20008207.0,20009357.0,20008974.0,20008591.0,20008208.0,20009358.0,20008975.0,20008592.0,20008209.0
10689.0,20009359.0,20008976.0,20008593.0,20008210.0,20009360.0,20008977.0,20008594.0,20008211.0,20009361.0,20008978.0
10690.0,20008595.0,20008212.0,20009362.0,20008979.0,20008596.0,20008213.0,20009363.0,20008980.0,20008597.0,20008214.0
10691.0,20009364.0,20008981.0,20008598.0,20008215.0,20009365.0,20008982.0,20008599.0,20008216.0,20009366.0,20008983.0
10692.0,20008600.0,20008217.0,20009367.0,20008984.0,20008601.0,20008218.0,20009368.0,20008985.0,20008602.0,20008219.0
10693.0,20009369.0,20008986.0,20008603.0,20008220.0,20009370.0,20008987.0,20008604.0,20008221.0,20009371.0,20008988.0
10694.0,20008605.0,20008222.0,20009372.0,20008989.0,20008606.0,20008223.0,20009373.0,20008990.0,20008607.0,20008224.0
10695.0,20009374.0,20008991.0,20008608.0,20008225.0,20009375.0,20008992.0,20008609.0,20008226.0,20009376.0,20008993.0
10696.0,20008610.0,20008227.0,20009377.0,20008994.0,20008611.0,20008228.0,20009378.0,20008995.0,20008612.0,20008229.0
10697.0,20009379.0,20008996.0,20008613.0,20008230.0,20009380.0,20008997.0,20008614.0,20008231.0,20009381.0,20008998.0
10698.0,20008615.0,20008232.0,20009382.0,20008999.0,20008616.0,20008233.0,20009383.0,20009000.0,20008617.0,20008234.0
10699.0,20009384.0,20009001.0,20008618.0,20008235.0,20009385.0,20009002.0,20008619.0,20008236.0,20009386.0,20009003.0
10700.0,20008620.0,20008237.0,20009387.0,20009004.0,20008621.0,20008238.0,20009388.0,20009005.0,20008622.0,20008239.0
10701.0,20009389.0,20009006.0,20008623.0,20008240.0,20009390.0,20009007.0,20008624.0,20008241.0,20009391.0,20009008.0
10702.0,20008625.0,20008242.0,20009392.0,20009009.0,20008626.0,20008243.0,20009393.0,20009010.0,20008627.0,20008244.0
10703.0,20009394.0,20009011.0,20008628.0,20008245.0,20009395.0,20009012.0,20008629.0,20008246.0,20009396.0,20009013.0
10704.0,20008630.0,20008247.0,20009397.0,20009014.0,20008631.0,20008248.0,20009398.0,20009015.0,20008632.0,20008249.0
10705.0,20009399.0,20009016.0,20008633.0,20008250.0,20009400.0,20009017.0,20008634.0,20008251.0,20009401.0,20009018.0
10706.0,20008635.0,20008252.0,20009402.0,20009019.0,20008636.0,20008253.0,20009403.0,20009020.0,20008637.0,20008254.0
10707.0,20009404.0,20009021.0,20008638.0,20008255.0,20009405.0,20009022.0,20008639.0,20008256.0,20009406.0,20009023.0
10708.0,20008640.0,20008257.0,20009407.0,20009024.0,20008641.0,20008258.0,20009408.0,20009025.0,20008642.0,20008259.0
10709.0,20009409.0,20009026.0,20008643.0,20008260.0,20009410.0,20009027.0,20008644.0,20008261.0,20009411.0,20009028.0
10710.0,20008645.0,20008262.0,20009412.0,20009029.0,20008646.0,20008263.0,20009413.0,20009030.0,20008647.0,20008264.0
10711.0,20009414.0,20009031.0,20008648.0,20008265.0,20009415.0,20009032.0,20008649.0,20008266.0,20009416.0,20009033.0
10712.0,20008650.0,20008267.0,20009417.0,20009034.0,20008651.0,20008268.0,20009418.0,20009035.0,20008652.0,20008269.0
10713.0,20009419.0,20009036.0,20008653.0,20008270.0,20009420.0,20009037.0,20008654.0,20008271.0,20009421.0,20009038.0
10714.0,20008655.0,20008272.0,20009422.0,20009039.0,20008656.0,20008273.0,20009423.0,20009040.0,20008657.0,20008274.0
10715.0,20009424.0,20009041.0,20008658.0,20008275.0,20009425.0,20009042.0,20008659.0,20008276.0,20009426.0,20009043.0
10716.0,20008660.0,20008277.0,20009427.0,20009044.0,20008661.0,20008278.0,20009428.0,20009045.0,20008662.0,20008279.0
10717.0,20009429.0,20009046.0,20008663.0,20008280.0,20009430.0,20009047.0,20008664.0,20008281.0,20009431.0,20009048.0
10718.0,20008665.0,20008282.0,20009432.0,20009049.0,20008666.0,20008283.0,20009433.0,20009050.0,20008667.0,20008284.0
10719.0,20009434.0,20009051.0,20008668.0,20008285.0,20009435.0,20009052.0,20008669.0,20008286.0,20009436.0,20009053.0
10720.0,20008670.0,20008287.0,20009437.0,20009054.0,20008671.0,20008288.0,20009438.0,20009055.0,20008672.0,20008289.0
10721.0,20009439.0,20009056.0,20008673.0,20008290.0,20009440.0,20009057.0,20008674.0,20008291.0,20009441.0,20009058.0
10722.0,20008675.0,20008292.0,20009442.0,20009059.0,20008676.0,20008293.0,20009443.0,20009060.0,20008677.0,20008294.0
10723.0,20009444.0,20009061.0,20008678.0,20008295.0,20009445.0,20009062.0,20008679.0,20008296.0,20009446.0,20009063.0
10724.0,20008680.0,20008297.0,20009447.0,20009064.0,20008681.0,20008298.0,20009448.0,20009065.0,20008682.0,20008299.0
10725.0,20009449.0,20009066.0,20008683.0,20008300.0,20009450.0,20009067.0,20008684.0,20008301.0,20009451.0,20009068.0
10726.0,20008685.0,20008302.0,20009452.0,20009069.0,20008686.0,20008303.0,20009453.0,20009070.0,20008687.0,20008304.0
10727.0,20009454.0,20009071.0,20008688.0,20008305.0,20009455.0,20009072.0,20008689.0,20008306.0,20009456.0,20009073.0
10728.0,20008690.0,20008307.0,20009457.0,20009074.0,20008691.0,20008308.0,20009458.0,20009075.0,20008692.0,20008309.0
10729.0,20009459.0,20009076.0,20008693.0,20008310.0,20009460.0,20009077.0,20008694.0,20008311.0,20009461.0,20009078.0
10730.0,20008695.0,20008312.0,20009462.0,20009079.0,20008696.0,20008313.0,20009463.0,20009080.0,20008697.0,20008314.0
10731.0,20009464.0,20009081.0,20008698.0,20008315.0,20009465.0,20009082.0,20008699.0,20008316.0,20009466.0,20009083.0
10732.0,20008700.0,20008317.0,20009467.0,20009084.0,20008701.0,20008318.0,20009468.0,20009085.0,20008702.0,20008319.0
10733.0,20009469.0,20009086.0,20008703.0,20009470.0,20009087.0,20009471.0,20008192.0,20008576.0,20008193.0,20008960.0
10734.0,20008577.0,20008194.0,20009344.0,20008961.0,20008578.0,20008195.0,20009345.0,20008962.0,20008579.0,20008196.0
10735.0,20009346.0,20008963.0,20008580.0,20008197.0,20009347.0,20008964.0,20008581.0,20008198.0,20009348.0,20008965.0
10736.0,20008582.0,20008199.0,20009349.0,-1.0,-1.0,-1.0,-1.0,-1.0,-1.0,-1.0
11071.0,20008966.0,20008583.0,20008200.0,20009350.0,20008967.0,20008584.0,20008201.0,20009351.0,20008968.0,20008585.0
11072.0,20008202.0,20009352.0,20008969.0,20008586.0,20008203.0,20009353.0,20008970.0,20008587.0,20008204.0,20009354.0
11073.0,20008971.0,20008588.0,20008205.0,20009355.0,20008972.0,20008589.0,20008206.0,20009356.0,20008973.0,20008590.0
11074.0,20008207.0,20009357.0,20008974.0,20008591.0,20008208.0,20009358.0,20008975.0,20008592.0,20008209.0,20009359.0
11075.0,20008976.0,20008593.0,20008210.0,20009360.0,20008977.0,20008594.0,20008211.0,20009361.0,20008978.0,20008595.0
11076.0,20008212.0,20009362.0,20008979.0,20008596.0,20008213.0,20009363.0,20008980.0,20008597.0,20008214.0,20009364.0
11077.0,20008981.0,20008598.0,20008215.0,20009365.0,20008982.0,20008599.0,20008216.0,20009366.0,20008983.0,20008600.0
11078.0,20008217.0,20009367.0,20008984.0,20008601.0,20008218.0,20009368.0,20008985.0,20008602.0,20008219.0,20009369.0
11079.0,20008986.0,20008603.0,20008220.0,20009370.0,20008987.0,20008604.0,20008221.0,20009371.0,20008988.0,20008605.0
11080.0,20008222.0,20009372.0,20008989.0,20008606.0,20008223.0,20009373.0,20008990.0,20008607.0,20008224.0,20009374.0
11081.0,20008991.0,20008608.0,20008225.0,20009375.0,20008992.0,20008609.0,20008226.0,20009376.0,20008993.0,20008610.0
11082.0,20008227.0,20009377.0,20008994.0,20008611.0,20008228.0,20009378.0,20008995.0,20008612.0,20008229.0,20009379.0
11083.0,20008996.0,20008613.0,20008230.0,20009380.0,20008997.0,20008614.0,20008231.0,20009381.0,20008998.0,20008615.0
11084.0,20008232.0,20009382.0,20008999.0,20008616.0,20008233.0,20009383.0,20009000.0,20008617.0,20008234.0,20009384.0
11085.0,20009001.0,20008618.0,20008235.0,20009385.0,20009002.0,20008619.0,20008236.0,20009386.0,20009003.0,20008620.0
11086.0,20008237.0,20009387.0,20009004.0,20008621.0,20008238.0,20009388.0,20009005.0,20008622.0,20008239.0,20009389.0
11087.0,20009006.0,20008623.0,20008240.0,20009390.0,20009007.0,20008624.0,20008241.0,20009391.0,20009008.0,20008625.0
11088.0,20008242.0,20009392.0,20009009.0,20008626.0,20008243.0,20009393.0,20009010.0,20008627.0,20008244.0,20009394.0
11089.0,20009011.0,20008628.0,20008245.0,20009395.0,20009012.0,20008629.0,20008246.0,20009396.0,20009013.0,20008630.0
11090.0,20008247.0,20009397.0,20009014.0,20008631.0,20008248.0,20009398.0,20009015.0,20008632.0,20008249.0,20009399.0
11091.0,20009016.0,20008633.0,20008250.0,20009400.0,20009017.0,20008634.0,20008251.0,20009401.0,20009018.0,20008635.0
11092.0,20008252.0,20009402.0,20009019.0,20008636.0,20008253.0,20009403.0,20009020.0,20008637.0,20008254.0,20009404.0
11093.0,20009021.0,20008638.0,20008255.0,20009405.0,20009022.0,20008639.0,20008256.0,20009406.0,20009023.0,20008640.0
11094.0,20008257.0,20009407.0,20009024.0,20008641.0,20008258.0,20009408.0,20009025.0,20008642.0,20008259.0,20009409.0
11095.0,20009026.0,20008643.0,20008260.0,20009410.0,20009027.0,20008644.0,20008261.0,20009411.0,20009028.0,20008645.0
11096.0,20008262.0,20009412.0,20009029.0,20008646.0,20008263.0,20009413.0,20009030.0,20008647.0,20008264.0,20009414.0
11097.0,20009031.0,20008648.0,20008265.0,20009415.0,20009032.0,20008649.0,20008266.0,20009416.0,20009033.0,20008650.0
11098.0,20008267.0,20009417.0,20009034.0,20008651.0,20008268.0,20009418.0,20009035.0,20008652.0,20008269.0,20009419.0
11099.0,20009036.0,20008653.0,20008270.0,20009420.0,20009037.0,20008654.0,20008271.0,20009421.0,20009038.0,20008655.0
11100.0,20008272.0,20009422.0,20009039.0,20008656.0,20008273.0,20009423.0,20009040.0,20008657.0,20008274.0,20009424.0
11101.0,20009041.0,20008658.0,20008275.0,20009425.0,20009042.0,20008659.0,20008276.0,20009426.0,20009043.0,20008660.0
11102.0,20008277.0,20009427.0,20009044.0,20008661.0,20008278.0,20009428.0,20009045.0,20008662.0,20008279.0,20009429.0
11103.0,20009046.0,20008663.0,20008280.0,20009430.0,20009047.0,20008664.0,20008281.0,20009431.0,20009048.0,20008665.0
11104.0,20008282.0,20009432.0,20009049.0,20008666.0,20008283.0,20009433.0,20009050.0,20008667.0,20008284.0,20009434.0
11105.0,20009051.0,20008668.0,20008285.0,20009435.0,20009052.0,20008669.0,20008286.0,20009436.0,20009053.0,20008670.0
11106.0,20008287.0,20009437.0,20009054.0,20008671.0,20008288.0,20009438.0,20009055.0,20008672.0,20008289.0,20009439.0
11107.0,20009056.0,20008673.0,20008290.0,20009440.0,20009057.0,20008674.0,20008291.0,20009441.0,20009058.0,20008675.0
11108.0,20008292.0,20009442.0,20009059.0,20008676.0,20008293.0,20009443.0,20009060.0,20008677.0,20008294.0,20009444.0
11109.0,20009061.0,20008678.0,20008295.0,20009445.0,20009062.0,20008679.0,20008296.0,20009446.0,20009063.0,20008680.0
11110.0,20008297.0,20009447.0,20009064.0,20008681.0,20008298.0,20009448.0,20009065.0,20008682.0,20008299.0,20009449.0
11111.0,20009066.0,20008683.0,20008300.0,20009450.0,20009067.0,20008684.0,20008301.0,20009451.0,20009068.0,20008685.0
11112.0,20008302.0,20009452.0,20009069.0,20008686.0,20008303.0,20009453.0,20009070.0,20008687.0,20008304.0,20009454.0
11113.0,20009071.0,20008688.0,20008305.0,20009455.0,20009072.0,20008689.0,20008306.0,20009456.0,20009073.0,20008690.0
11114.0,20008307.0,20009457.0,20009074.0,20008691.0,20008308.0,20009458.0,20009075.0,20008692.0,20008309.0,20009459.0
11115.0,20009076.0,20008693.0,20008310.0,20009460.0,20009077.0,20008694.0,20008311.0,20009461.0,20009078.0,20008695.0
11116.0,20008312.0,20009462.0,20009079.0,20008696.0,20008313.0,20009463.0,20009080.0,20008697.0,20008314.0,20009464.0
11117.0,20009081.0,20008698.0,20008315.0,20009465.0,20009082.0,20008699.0,20008316.0,20009466.0,20009083.0,20008700.0
11118.0,20008317.0,20009467.0,20009084.0,20008701.0,20008318.0,20009468.0,20009085.0,20008702.0,20008319.0,20009469.0
11119.0,20009086.0,20008703.0,20009470.0,20009087.0,20009471.0,20008320.0,20008704.0,20008321.0,20009088.0,20008705.0
11120.0,20008322.0,20009472.0,20009089.0,20008706.0,20008323.0,20009473.0,20009090.0,20008707.0,20008324.0,20009474.0
11121.0,20009091.0,20008708.0,20008325.0,20009475.0,20009092.0,20008709.0,20008326.0,20009476.0,20009093.0,20008710.0
11122.0,20008327.0,20009477.0,20009094.0,-1.0,-1.0,-1.0,-1.0,-1.0,-1.0,-1.0
11457.0,20008711.0,20008328.0,20009478.0,20009095.0,20008712.0,20008329.0,20009479.0,20009096.0,20008713.0,20008330.0
11458.0,20009480.0,20009097.0,20008714.0,20008331.0,20009481.0,20009098.0,20008715.0,20008332.0,20009482.0,20009099.0
11459.0,20008716.0,20008333.0,20009483.0,20009100.0,20008717.0,20008334.0,20009484.0,20009101.0,20008718.0,20008335.0
11460.0,20009485.0,20009102.0,20008719.0,20008336.0,20009486.0,20009103.0,20008720.0,20008337.0,20009487.0,20009104.0
11461.0,20008721.0,20008338.0,20009488.0,20009105.0,20008722.0,20008339.0,20009489.0,20009106.0,20008723.0,20008340.0
11462.0,20009490.0,20009107.0,20008724.0,20008341.0,20009491.0,20009108.0,20008725.0,20008342.0,20009492.0,20009109.0
11463.0,20008726.0,20008343.0,20009493.0,20009110.0,20008727.0,20008344.0,20009494.0,20009111.0,20008728.0,20008345.0
11464.0,20009495.0,20009112.0,20008729.0,20008346.0,20009496.0,20009113.0,20008730.0,20008347.0,20009497.0,20009114.0
11465.0,20008731.0,20008348.0,20009498.0,20009115.0,20008732.0,20008349.0,20009499.0,20009116.0,20008733.0,20008350.0
11466.0,20009500.0,20009117.0,20008734.0,20008351.0,20009501.0,20009118.0,20008735.0,20008352.0,20009502.0,20009119.0
11467.0,20008736.0,20008353.0,20009503.0,20009120.0,20008737.0,20008354.0,20009504.0,20009121.0,20008738.0,20008355.0
11468.0,20009505.0,20009122.0,20008739.0,20008356.0,20009506.0,20009123.0,20008740.0,20008357.0,20009507.0,20009124.0
11469.0,20008741.0,20008358.0,20009508.0,20009125.0,20008742.0,20008359.0,20009509.0,20009126.0,20008743.0,20008360.0
11470.0,20009510.0,20009127.0,20008744.0,20008361.0,20009511.0,20009128.0,20008745.0,20008362.0,20009512.0,20009129.0
11471.0,20008746.0,20008363.0,20009513.0,20009130.0,20008747.0,20008364.0,20009514.0,20009131.0,20008748.0,20008365.0
11472.0,20009515.0,20009132.0,20008749.0,20008366.0,20009516.0,20009133.0,20008750.0,20008367.0,20009517.0,20009134.0
11473.0,20008751.0,20008368.0,20009518.0,20009135.0,20008752.0,20008369.0,20009519.0,20009136.0,20008753.0,20008370.0
11474.0,20009520.0,20009137.0,20008754.0,20008371.0,20009521.0,20009138.0,20008755.0,20008372.0,20009522.0,20009139.0
11475.0,20008756.0,20008373.0,20009523.0,20009140.0,20008757.0,20008374.0,20009524.0,20009141.0,20008758.0,20008375.0
11476.0,20009525.0,20009142.0,20008759.0,20008376.0,20009526.0,20009143.0,20008760.0,20008377.0,20009527.0,20009144.0
11477.0,20008761.0,20008378.0,20009528.0,20009145.0,20008762.0,20008379.0,20009529.0,20009146.0,20008763.0,20008380.0
11478.0,20009530.0,20009147.0,20008764.0,20008381.0,20009531.0,20009148.0,20008765.0,20008382.0,20009532.0,20009149.0
11479.0,20008766.0,20008383.0,20009533.0,20009150.0,20008767.0,20008384.0,20009534.0,20009151.0,20008768.0,20008385.0
11480.0,20009535.0,20009152.0,20008769.0,20008386.0,20009536.0,20009153.0,20008770.0,20008387.0,20009537.0,20009154.0
11481.0,20008771.0,20008388.0,20009538.0,20009155.0,20008772.0,20008389.0,20009539.0,20009156.0,20008773.0,20008390.0
11482.0,20009540.0,20009157.0,20008774.0,20008391.0,20009541.0,20009158.0,20008775.0,20008392.0,20009542.0,20009159.0
11483.0,20008776.0,20008393.0,20009543.0,20009160.0,20008777.0,20008394.0,20009544.0,20009161.0,20008778.0,20008395.0
11484.0,20009545.0,20009162.0,20008779.0,20008396.0,20009546.0,20009163.0,20008780.0,20008397.0,20009547.0,20009164.0
11485.0,20008781.0,20008398.0,20009548.0,20009165.0,20008782.0,20008399.0,20009549.0,20009166.0,20008783.0,20008400.0
11486.0,20009550.0,20009167.0,20008784.0,20008401.0,20009551.0,20009168.0,20008785.0,20008402.0,20009552.0,20009169.0
11487.0,20008786.0,20008403.0,20009553.0,20009170.0,20008787.0,20008404.0,20009554.0,20009171.0,20008788.0,20008405.0
11488.0,20009555.0,20009172.0,20008789.0,20008406.0,20009556.0,20009173.0,20008790.0,20008407.0,20009557.0,20009174.0
11489.0,20008791.0,20008408.0,20009558.0,20009175.0,20008792.0,20008409.0,20009559.0,20009176.0,20008793.0,20008410.0
11490.0,20009560.0,20009177.0,20008794.0,20008411.0,20009561.0,20009178.0,20008795.0,20008412.0,20009562.0,20009179.0
11491.0,20008796.0,20008413.0,20009563.0,20009180.0,20008797.0,20008414.0,20009564.0,20009181.0,20008798.0,20008415.0
11492.0,20009565.0,20009182.0,20008799.0,20008416.0,20009566.0,20009183.0,20008800.0,20008417.0,20009567.0,20009184.0
11493.0,20008801.0,20008418.0,20009568.0,20009185.0,20008802.0,20008419.0,20009569.0,20009186.0,20008803.0,20008420.0
11494.0,20009570.0,20009187.0,20008804.0,20008421.0,20009571.0,20009188.0,20008805.0,20008422.0,20009572.0,20009189.0
11495.0,20008806.0,20008423.0,20009573.0,20009190.0,20008807.0,20008424.0,20009574.0,20009191.0,20008808.0,20008425.0
11496.0,20009575.0,20009192.0,20008809.0,20008426.0,20009576.0,20009193.0,20008810.0,20008427.0,20009577.0,20009194.0
11497.0,20008811.0,20008428.0,20009578.0,20009195.0,20008812.0,20008429.0,20009579.0,20009196.0,20008813.0,20008430.0
11498.0,20009580.0,20009197.0,20008814.0,20008431.0,20009581.0,20009198.0,20008815.0,20008432.0,20009582.0,20009199.0
11499.0,20008816.0,20008433.0,20009583.0,20009200.0,20008817.0,20008434.0,20009584.0,20009201.0,20008818.0,20008435.0
11500.0,20009585.0,20009202.0,20008819.0,20008436.0,20009586.0,20009203.0,20008820.0,20008437.0,20009587.0,20009204.0
11501.0,20008821.0,20008438.0,20009588.0,20009205.0,20008822.0,20008439.0,20009589.0,20009206.0,20008823.0,20008440.0
11502.0,20009590.0,20009207.0,20008824.0,20008441.0,20009591.0,20009208.0,20008825.0,20008442.0,20009592.0,20009209.0
11503.0,20008826.0,20008443.0,20009593.0,20009210.0,20008827.0,20008444.0,20009594.0,20009211.0,20008828.0,20008445.0
11504.0,20009595.0,20009212.0,20008829.0,20008446.0,20009596.0,20009213.0,20008830.0,20008447.0,20009597.0,20009214.0
11505.0,20008831.0,20009598.0,20009215.0,20009599.0,20008320.0,20008704.0,20008321.0,20009088.0,20008705.0,20008322.0
11506.0,20009472.0,20009089.0,20008706.0,20008323.0,20009473.0,20009090.0,20008707.0,20008324.0,20009474.0,20009091.0
11507.0,20008708.0,20008325.0,20009475.0,20009092.0,20008709.0,20008326.0,20009476.0,20009093.0,20008710.0,20008327.0
11508.0,20009477.0,20009094.0,20008711.0,-1.0,-1.0,-1.0,-1.0,-1.0,-1.0,-1.0
11843.0,20008328.0,20009478.0,20009095.0,20008712.0,20008329.0,20009479.0,20009096.0,20008713.0,20008330.0,20009480.0
11844.0,20009097.0,20008714.0,20008331.0,20009481.0,20009098.0,20008715.0,20008332.0,20009482.0,20009099.0,20008716.0
11845.0,20008333.0,20009483.0,20009100.0,20008717.0,20008334.0,20009484.0,20009101.0,20008718.0,20008335.0,20009485.0
11846.0,20009102.0,20008719.0,20008336.0,20009486.0,20009103.0,20008720.0,20008337.0,20009487.0,20009104.0,20008721.0
11847.0,20008338.0,20009488.0,20009105.0,20008722.0,20008339.0,20009489.0,20009106.0,20008723.0,20008340.0,20009490.0
11848.0,20009107.0,20008724.0,20008341.0,20009491.0,20009108.0,20008725.0,20008342.0,20009492.0,20009109.0,20008726.0
11849.0,20008343.0,20009493.0,20009110.0,20008727.0,20008344.0,20009494.0,20009111.0,20008728.0,20008345.0,20009495.0
11850.0,20009112.0,20008729.0,20008346.0,20009496.0,20009113.0,20008730.0,20008347.0,20009497.0,20009114.0,20008731.0
11851.0,20008348.0,20009498.0,20009115.0,20008732.0,20008349.0,20009499.0,20009116.0,20008733.0,20008350.0,20009500.0
11852.0,20009117.0,20008734.0,20008351.0,20009501.0,20009118.0,20008735.0,20008352.0,20009502.0,20009119.0,20008736.0
11853.0,20008353.0,20009503.0,20009120.0,20008737.0,20008354.0,20009504.0,20009121.0,20008738.0,20008355.0,20009505.0
11854.0,20009122.0,20008739.0,20008356.0,20009506.0,20009123.0,20008740.0,20008357.0,20009507.0,20009124.0,20008741.0
11855.0,20008358.0,20009508.0,20009125.0,20008742.0,20008359.0,20009509.0,20009126.0,20008743.0,20008360.0,20009510.0
11856.0,20009127.0,20008744.0,20008361.0,20009511.0,20009128.0,20008745.0,20008362.0,20009512.0,20009129.0,20008746.0
11857.0,20008363.0,20009513.0,20009130.0,20008747.0,20008364.0,20009514.0,20009131.0,20008748.0,20008365.0,20009515.0
11858.0,20009132.0,20008749.0,20008366.0,20009516.0,20009133.0,20008750.0,20008367.0,20009517.0,20009134.0,20008751.0
11859.0,20008368.0,20009518.0,20009135.0,20008752.0,20008369.0,20009519.0,20009136.0,20008753.0,20008370.0,20009520.0
11860.0,20009137.0,20008754.0,20008371.0,20009521.0,20009138.0,20008755.0,20008372.0,20009522.0,20009139.0,20008756.0
11861.0,20008373.0,20009523.0,20009140.0,20008757.0,20008374.0,20009524.0,20009141.0,20008758.0,20008375.0,20009525.0
11862.0,20009142.0,20008759.0,20008376.0,20009526.0,20009143.0,20008760.0,20008377.0,20009527.0,20009144.0,20008761.0
11863.0,20008378.0,20009528.0,20009145.0,20008762.0,20008379.0,20009529.0,20009146.0,20008763.0,20008380.0,20009530.0
11864.0,20009147.0,20008764.0,20008381.0,20009531.0,20009148.0,20008765.0,20008382.0,20009532.0,20009149.0,20008766.0
11865.0,20008383.0,20009533.0,20009150.0,20008767.0,20008384.0,20009534.0,20009151.0,20008768.0,20008385.0,20009535.0
11866.0,20009152.0,20008769.0,20008386.0,20009536.0,20009153.0,20008770.0,20008387.0,20009537.0,20009154.0,20008771.0
11867.0,20008388.0,20009538.0,20009155.0,20008772.0,20008389.0,20009539.0,20009156.0,20008773.0,20008390.0,20009540.0
11868.0,20009157.0,20008774.0,20008391.0,20009541.0,20009158.0,20008775.0,20008392.0,20009542.0,20009159.0,20008776.0
11869.0,20008393.0,20009543.0,20009160.0,20008777.0,20008394.0,20009544.0,20009161.0,20008778.0,20008395.0,20009545.0
11870.0,20009162.0,20008779.0,20008396.0,20009546.0,20009163.0,20008780.0,20008397.0,20009547.0,20009164.0,20008781.0
11871.0,20008398.0,20009548.0,20009165.0,20008782.0,20008399.0,20009549.0,20009166.0,20008783.0,20008400.0,20009550.0
11872.0,20009167.0,20008784.0,20008401.0,20009551.0,20009168.0,20008785.0,20008402.0,20009552.0,20009169.0,20008786.0
11873.0,20008403.0,20009553.0,20009170.0,20008787.0,20008404.0,20009554.0,20009171.0,20008788.0,20008405.0,20009555.0
11874.0,20009172.0,20008789.0,20008406.0,20009556.0,20009173.0,20008790.0,20008407.0,20009557.0,20009174.0,20008791.0
11875.0,20008408.0,20009558.0,20009175.0,20008792.0,20008409.0,20009559.0,20009176.0,20008793.0,20008410.0,20009560.0
11876.0,20009177.0,20008794.0,20008411.0,20009561.0,20009178.0,20008795.0,20008412.0,20009562.0,20009179.0,20008796.0
11877.0,20008413.0,20009563.0,20009180.0,20008797.0,20008414.0,20009564.0,20009181.0,20008798.0,20008415.0,20009565.0
11878.0,20009182.0,20008799.0,20008416.0,20009566.0,20009183.0,20008800.0,20008417.0,20009567.0,20009184.0,20008801.0
11879.0,20008418.0,20009568.0,20009185.0,20008802.0,20008419.0,20009569.0,20009186.0,20008803.0,20008420.0,20009570.0
11880.0,20009187.0,20008804.0,20008421.0,20009571.0,20009188.0,20008805.0,20008422.0,20009572.0,20009189.0,20008806.0
11881.0,20008423.0,20009573.0,20009190.0,20008807.0,20008424.0,20009574.0,20009191.0,20008808.0,20008425.0,20009575.0
11882.0,20009192.0,20008809.0,20008426.0,20009576.0,20009193.0,20008810.0,20008427.0,20009577.0,20009194.0,20008811.0
11883.0,20008428.0,20009578.0,20009195.0,20008812.0,20008429.0,20009579.0,20009196.0,20008813.0,20008430.0,20009580.0
11884.0,20009197.0,20008814.0,20008431.0,20009581.0,20009198.0,20008815.0,20008432.0,20009582.0,20009199.0,20008816.0
11885.0,20008433.0,20009583.0,20009200.0,20008817.0,20008434.0,20009584.0,20009201.0,20008818.0,20008435.0,20009585.0
11886.0,20009202.0,20008819.0,20008436.0,20009586.0,20009203.0,20008820.0,20008437.0,20009587.0,20009204.0,20008821.0
11887.0,20008438.0,20009588.0,20009205.0,20008822.0,20008439.0,20009589.0,20009206.0,20008823.0,20008440.0,20009590.0
11888.0,20009207.0,20008824.0,20008441.0,20009591.0,20009208.0,20008825.0,20008442.0,20009592.0,20009209.0,20008826.0
11889.0,20008443.0,20009593.0,20009210.0,20008827.0,20008444.0,20009594.0,20009211.0,20008828.0,20008445.0,20009595.0
11890.0,20009212.0,20008829.0,20008446.0,20009596.0,20009213.0,20008830.0,20008447.0,20009597.0,20009214.0,20008831.0
11891.0,20009598.0,20009215.0,20009599.0,20008320.0,20008704.0,20008321.0,20009088.0,20008705.0,20008322.0,20009472.0
11892.0,20009089.0,20008706.0,20008323.0,20009473.0,20009090.0,20008707.0,20008324.0,20009474.0,20009091.0,20008708.0
11893.0,20008325.0,20009475.0,20009092.0,20008709.0,20008326.0,20009476.0,20009093.0,20008710.0,20008327.0,20009477.0
11894.0,20009094.0,20008711.0,20008328.0,-1.0,-1.0,-1.0,-1.0,-1.0,-1.0,-1.0
12230.0,20009478.0,20009095.0,20008712.0,20008329.0,20009479.0,20009096.0,20008713.0,20008330.0,20009480.0,20009097.0
12231.0,20008714.0,20008331.0,20009481.0,20009098.0,20008715.0,20008332.0,20009482.0,20009099.0,20008716.0,20008333.0
12232.0,20009483.0,20009100.0,20008717.0,20008334.0,20009484.0,20009101.0,20008718.0,20008335.0,20009485.0,20009102.0
12233.0,20008719.0,20008336.0,20009486.0,20009103.0,20008720.0,20008337.0,20009487.0,20009104.0,20008721.0,20008338.0
12234.0,20009488.0,20009105.0,20008722.0,20008339.0,20009489.0,20009106.0,20008723.0,20008340.0,20009490.0,20009107.0
12235.0,20008724.0,20008341.0,20009491.0,20009108.0,20008725.0,20008342.0,20009492.0,20009109.0,20008726.0,20008343.0
12236.0,20009493.0,20009110.0,20008727.0,20008344.0,20009494.0,20009111.0,20008728.0,20008345.0,20009495.0,20009112.0
12237.0,20008729.0,20008346.0,20009496.0,20009113.0,20008730.0,20008347.0,20009497.0,20009114.0,20008731.0,20008348.0
12238.0,20009498.0,20009115.0,20008732.0,20008349.0,20009499.0,20009116.0,20008733.0,20008350.0,20009500.0,20009117.0
12239.0,20008734.0,20008351.0,20009501.0,20009118.0,20008735.0,20008352.0,20009502.0,20009119.0,20008736.0,20008353.0
12240.0,20009503.0,20009120.0,20008737.0,20008354.0,20009504.0,20009121.0,20008738.0,20008355.0,20009505.0,20009122.0
12241.0,20008739.0,20008356.0,20009506.0,20009123.0,20008740.0,20008357.0,20009507.0,20009124.0,20008741.0,20008358.0
12242.0,20009508.0,20009125.0,20008742.0,20008359.0,20009509.0,20009126.0,20008743.0,20008360.0,20009510.0,20009127.0
12243.0,20008744.0,20008361.0,20009511.0,20009128.0,20008745.0,20008362.0,20009512.0,20009129.0,20008746.0,20008363.0
12244.0,20009513.0,20009130.0,20008747.0,20008364.0,20009514.0,20009131.0,20008748.0,20008365.0,20009515.0,20009132.0
12245.0,20008749.0,20008366.0,20009516.0,20009133.0,20008750.0,20008367.0,20009517.0,20009134.0,20008751.0,20008368.0
12246.0,20009518.0,20009135.0,20008752.0,20008369.0,20009519.0,20009136.0,20008753.0,20008370.0,20009520.0,20009137.0
12247.0,20008754.0,20008371.0,20009521.0,20009138.0,20008755.0,20008372.0,20009522.0,20009139.0,20008756.0,20008373.0
12248.0,20009523.0,20009140.0,20008757.0,20008374.0,20009524.0,20009141.0,20008758.0,20008375.0,20009525.0,20009142.0
12249.0,20008759.0,20008376.0,20009526.0,20009143.0,20008760.0,20008377.0,20009527.0,20009144.0,20008761.0,20008378.0
12250.0,20009528.0,20009145.0,20008762.0,20008379.0,20009529.0,20009146.0,20008763.0,20008380.0,20009530.0,20009147.0
12251.0,20008764.0,20008381.0,20009531.0,20009148.0,20008765.0,20008382.0,20009532.0,20009149.0,20008766.0,20008383.0
12252.0,20009533.0,20009150.0,20008767.0,20008384.0,20009534.0,20009151.0,20008768.0,20008385.0,20009535.0,20009152.0
12253.0,20008769.0,20008386.0,20009536.0,20009153.0,20008770.0,20008387.0,20009537.0,20009154.0,20008771.0,20008388.0
12254.0,20009538.0,20009155.0,20008772.0,20008389.0,20009539.0,20009156.0,20008773.0,20008390.0,20009540.0,20009157.0
12255.0,20008774.0,20008391.0,20009541.0,20009158.0,20008775.0,20008392.0,20009542.0,20009159.0,20008776.0,20008393.0
12256.0,20009543.0,20009160.0,20008777.0,20008394.0,20009544.0,20009161.0,20008778.0,20008395.0,20009545.0,20009162.0
12257.0,20008779.0,20008396.0,20009546.0,20009163.0,20008780.0,20008397.0,20009547.0,20009164.0,20008781.0,20008398.0
12258.0,20009548.0,20009165.0,20008782.0,20008399.0,20009549.0,20009166.0,20008783.0,20008400.0,20009550.0,20009167.0
12259.0,20008784.0,20008401.0,20009551.0,20009168.0,20008785.0,20008402.0,20009552.0,20009169.0,20008786.0,20008403.0
12260.0,20009553.0,20009170.0,20008787.0,20008404.0,20009554.0,20009171.0,20008788.0,20008405.0,20009555.0,20009172.0
12261.0,20008789.0,20008406.0,20009556.0,20009173.0,20008790.0,20008407.0,20009557.0,20009174.0,20008791.0,20008408.0
12262.0,20009558.0,20009175.0,20008792.0,20008409.0,20009559.0,20009176.0,20008793.0,20008410.0,20009560.0,20009177.0
12263.0,20008794.0,20008411.0,20009561.0,20009178.0,20008795.0,20008412.0,20009562.0,20009179.0,20008796.0,20008413.0
12264.0,20009563.0,20009180.0,20008797.0,20008414.0,20009564.0,20009181.0,20008798.0,20008415.0,20009565.0,20009182.0
12265.0,20008799.0,20008416.0,20009566.0,20009183.0,20008800.0,20008417.0,20009567.0,20009184.0,20008801.0,20008418.0
12266.0,20009568.0,20009185.0,20008802.0,20008419.0,20009569.0,20009186.0,20008803.0,20008420.0,20009570.0,20009187.0
12267.0,20008804.0,20008421.0,20009571.0,20009188.0,20008805.0,20008422.0,20009572.0,20009189.0,20008806.0,20008423.0
12268.0,20009573.0,20009190.0,20008807.0,20008424.0,20009574.0,20009191.0,20008808.0,20008425.0,20009575.0,20009192.0
12269.0,20008809.0,20008426.0,20009576.0,20009193.0,20008810.0,20008427.0,20009577.0,20009194.0,20008811.0,20008428.0
12270.0,20009578.0,20009195.0,20008812.0,20008429.0,20009579.0,20009196.0,20008813.0,20008430.0,20009580.0,20009197.0
12271.0,20008814.0,20008431.0,20009581.0,20009198.0,20008815.0,20008432.0,20009582.0,20009199.0,20008816.0,20008433.0
12272.0,20009583.0,20009200.0,20008817.0,20008434.0,20009584.0,20009201.0,20008818.0,20008435.0,20009585.0,20009202.0
12273.0,20008819.0,20008436.0,20009586.0,20009203.0,20008820.0,20008437.0,20009587.0,20009204.0,20008821.0,20008438.0
12274.0,20009588.0,20009205.0,20008822.0,20008439.0,20009589.0,20009206.0,20008823.0,20008440.0,20009590.0,20009207.0
12275.0,20008824.0,20008441.0,20009591.0,20009208.0,20008825.0,20008442.0,20009592.0,20009209.0,20008826.0,20008443.0
12276.0,20009593.0,20009210.0,20008827.0,20008444.0,20009594.0,20009211.0,20008828.0,20008445.0,20009595.0,20009212.0
12277.0,20008829.0,20008446.0,20009596.0,20009213.0,20008830.0,20008447.0,20009597.0,20009214.0,20008831.0,20009598.0
12278.0,20009215.0,20009599.0,20008320.0,20008704.0,20008321.0,20009088.0,20008705.0,20008322.0,20009472.0,20009089.0
12279.0,20008706.0,20008323.0,20009473.0,20009090.0,20008707.0,20008324.0,20009474.0,20009091.0,20008708.0,20008325.0
12280.0,20009475.0,20009092.0,20008709.0,20008326.0,20009476.0,20009093.0,20008710.0,20008327.0,20009477.0,20009094.0
12281.0,20008711.0,20008328.0,20009478.0,-1.0,-1.0,-1.0,-1.0,-1.0,-1.0,-1.0
12616.0,20009095.0,20008712.0,20008329.0,20009479.0,20009096.0,20008713.0,20008330.0,20009480.0,20009097.0,20008714.0
12617.0,20008331.0,20009481.0,20009098.0,20008715.0,20008332.0,20009482.0,20009099.0,20008716.0,20008333.0,20009483.0
12618.0,20009100.0,20008717.0,20008334.0,20009484.0,20009101.0,20008718.0,20008335.0,20009485.0,20009102.0,20008719.0
12619.0,20008336.0,20009486.0,20009103.0,20008720.0,20008337.0,20009487.0,20009104.0,20008721.0,20008338.0,20009488.0
12620.0,20009105.0,20008722.0,20008339.0,20009489.0,20009106.0,20008723.0,20008340.0,20009490.0,20009107.0,20008724.0
12621.0,20008341.0,20009491.0,20009108.0,20008725.0,20008342.0,20009492.0,20009109.0,20008726.0,20008343.0,20009493.0
12622.0,20009110.0,20008727.0,20008344.0,20009494.0,20009111.0,20008728.0,20008345.0,20009495.0,20009112.0,20008729.0
12623.0,20008346.0,20009496.0,20009113.0,20008730.0,20008347.0,20009497.0,20009114.0,20008731.0,20008348.0,20009498.0
12624.0,20009115.0,20008732.0,20008349.0,20009499.0,20009116.0,20008733.0,20008350.0,20009500.0,20009117.0,20008734.0
12625.0,20008351.0,20009501.0,20009118.0,20008735.0,20008352.0,20009502.0,20009119.0,20008736.0,20008353.0,20009503.0
12626.0,20009120.0,20008737.0,20008354.0,20009504.0,20009121.0,20008738.0,20008355.0,20009505.0,20009122.0,20008739.0
12627.0,20008356.0,20009506.0,20009123.0,20008740.0,20008357.0,20009507.0,20009124.0,20008741.0,20008358.0,20009508.0
12628.0,20009125.0,20008742.0,20008359.0,20009509.0,20009126.0,20008743.0,20008360.0,20009510.0,20009127.0,20008744.0
12629.0,20008361.0,20009511.0,20009128.0,20008745.0,20008362.0,20009512.0,20009129.0,20008746.0,20008363.0,20009513.0
12630.0,20009130.0,20008747.0,20008364.0,20009514.0,20009131.0,20008748.0,20008365.0,20009515.0,20009132.0,20008749.0
12631.0,20008366.0,20009516.0,20009133.0,20008750.0,20008367.0,20009517.0,20009134.0,20008751.0,20008368.0,20009518.0
12632.0,20009135.0,20008752.0,20008369.0,20009519.0,20009136.0,20008753.0,20008370.0,20009520.0,20009137.0,20008754.0
12633.0,20008371.0,20009521.0,20009138.0,20008755.0,20008372.0,20009522.0,20009139.0,20008756.0,20008373.0,20009523.0
12634.0,20009140.0,20008757.0,20008374.0,20009524.0,20009141.0,20008758.0,20008375.0,20009525.0,20009142.0,20008759.0
12635.0,20008376.0,20009526.0,20009143.0,20008760.0,20008377.0,20009527.0,20009144.0,20008761.0,20008378.0,20009528.0
12636.0,20009145.0,20008762.0,20008379.0,20009529.0,20009146.0,20008763.0,20008380.0,20009530.0,20009147.0,20008764.0
12637.0,20008381.0,20009531.0,20009148.0,20008765.0,20008382.0,20009532.0,20009149.0,20008766.0,20008383.0,20009533.0
12638.0,20009150.0,20008767.0,20008384.0,20009534.0,20009151.0,20008768.0,20008385.0,20009535.0,20009152.0,20008769.0
12639.0,20008386.0,20009536.0,20009153.0,20008770.0,20008387.0,20009537.0,20009154.0,20008771.0,20008388.0,20009538.0
12640.0,20009155.0,20008772.0,20008389.0,20009539.0,20009156.0,20008773.0,20008390.0,20009540.0,20009157.0,20008774.0
12641.0,20008391.0,20009541.0,20009158.0,20008775.0,20008392.0,20009542.0,20009159.0,20008776.0,20008393.0,20009543.0
12642.0,20009160.0,20008777.0,20008394.0,20009544.0,20009161.0,20008778.0,20008395.0,20009545.0,20009162.0,20008779.0
12643.0,20008396.0,20009546.0,20009163.0,20008780.0,20008397.0,20009547.0,20009164.0,20008781.0,20008398.0,20009548.0
12644.0,20009165.0,20008782.0,20008399.0,20009549.0,20009166.0,20008783.0,20008400.0,20009550.0,20009167.0,20008784.0
12645.0,20008401.0,20009551.0,20009168.0,20008785.0,20008402.0,20009552.0,20009169.0,20008786.0,20008403.0,20009553.0
12646.0,20009170.0,20008787.0,20008404.0,20009554.0,20009171.0,20008788.0,20008405.0,20009555.0,20009172.0,20008789.0
12647.0,20008406.0,20009556.0,20009173.0,20008790.0,20008407.0,20009557.0,20009174.0,20008791.0,20008408.0,20009558.0
12648.0,20009175.0,20008792.0,20008409.0,20009559.0,20009176.0,20008793.0,20008410.0,20009560.0,20009177.0,20008794.0
12649.0,20008411.0,20009561.0,20009178.0,20008795.0,20008412.0,20009562.0,20009179.0,20008796.0,20008413.0,20009563.0
12650.0,20009180.0,20008797.0,20008414.0,20009564.0,20009181.0,20008798.0,20008415.0,20009565.0,20009182.0,20008799.0
12651.0,20008416.0,20009566.0,20009183.0,20008800.0,20008417.0,20009567.0,20009184.0,20008801.0,20008418.0,20009568.0
12652.0,20009185.0,20008802.0,20008419.0,20009569.0,20009186.0,20008803.0,20008420.0,20009570.0,20009187.0,20008804.0
12653.0,20008421.0,20009571.0,20009188.0,20008805.0,20008422.0,20009572.0,20009189.0,20008806.0,20008423.0,20009573.0
12654.0,20009190.0,20008807.0,20008424.0,20009574.0,20009191.0,20008808.0,20008425.0,20009575.0,20009192.0,20008809.0
12655.0,20008426.0,20009576.0,20009193.0,20008810.0,20008427.0,20009577.0,20009194.0,20008811.0,20008428.0,20009578.0
12656.0,20009195.0,20008812.0,20008429.0,20009579.0,20009196.0,20008813.0,20008430.0,20009580.0,20009197.0,20008814.0
12657.0,20008431.0,20009581.0,20009198.0,20008815.0,20008432.0,20009582.0,20009199.0,20008816.0,20008433.0,20009583.0
12658.0,20009200.0,20008817.0,20008434.0,20009584.0,20009201.0,20008818.0,20008435.0,20009585.0,20009202.0,20008819.0
12659.0,20008436.0,20009586.0,20009203.0,20008820.0,20008437.0,20009587.0,20009204.0,20008821.0,20008438.0,20009588.0
12660.0,20009205.0,20008822.0,20008439.0,20009589.0,20009206.0,20008823.0,20008440.0,20009590.0,20009207.0,20008824.0
12661.0,20008441.0,20009591.0,20009208.0,20008825.0,20008442.0,20009592.0,20009209.0,20008826.0,20008443.0,20009593.0
12662.0,20009210.0,20008827.0,20008444.0,20009594.0,20009211.0,20008828.0,20008445.0,20009595.0,20009212.0,20008829.0
12663.0,20008446.0,20009596.0,20009213.0,20008830.0,20008447.0,20009597.0,20009214.0,20008831.0,20009598.0,20009215.0
12664.0,20009599.0,20008320.0,20008704.0,20008321.0,20009088.0,20008705.0,20008322.0,20009472.0,20009089.0,20008706.0
12665.0,20008323.0,20009473.0,20009090.0,20008707.0,20008324.0,20009474.0,20009091.0,20008708.0,20008325.0,20009475.0
12666.0,20009092.0,20008709.0,20008326.0,20009476.0,20009093.0,20008710.0,20008327.0,20009477.0,20009094.0,20008711.0
12667.0,20008328.0,20009478.0,20009095.0,-1.0,-1.0,-1.0,-1.0,-1.0,-1.0,-1.0
13002.0,20008712.0,20008329.0,20009479.0,20009096.0,20008713.0,20008330.0,20009480.0,20009097.0,20008714.0,20008331.0
13003.0,20009481.0,20009098.0,20008715.0,20008332.0,20009482.0,20009099.0,20008716.0,20008333.0,20009483.0,20009100.0
13004.0,20008717.0,20008334.0,20009484.0,20009101.0,20008718.0,20008335.0,20009485.0,20009102.0,20008719.0,20008336.0
13005.0,20009486.0,20009103.0,20008720.0,20008337.0,20009487.0,20009104.0,20008721.0,20008338.0,20009488.0,20009105.0
13006.0,20008722.0,20008339.0,20009489.0,20009106.0,20008723.0,20008340.0,20009490.0,20009107.0,20008724.0,20008341.0
13007.0,20009491.0,20009108.0,20008725.0,20008342.0,20009492.0,20009109.0,20008726.0,20008343.0,20009493.0,20009110.0
13008.0,20008727.0,20008344.0,20009494.0,20009111.0,20008728.0,20008345.0,20009495.0,20009112.0,20008729.0,20008346.0
13009.0,20009496.0,20009113.0,20008730.0,20008347.0,20009497.0,20009114.0,20008731.0,20008348.0,20009498.0,20009115.0
13010.0,20008732.0,20008349.0,20009499.0,20009116.0,20008733.0,20008350.0,20009500.0,20009117.0,20008734.0,20008351.0
13011.0,20009501.0,20009118.0,20008735.0,20008352.0,20009502.0,20009119.0,20008736.0,20008353.0,20009503.0,20009120.0
13012.0,20008737.0,20008354.0,20009504.0,20009121.0,20008738.0,20008355.0,20009505.0,20009122.0,20008739.0,20008356.0
13013.0,20009506.0,20009123.0,20008740.0,20008357.0,20009507.0,20009124.0,20008741.0,20008358.0,20009508.0,20009125.0
13014.0,20008742.0,20008359.0,20009509.0,20009126.0,20008743.0,20008360.0,20009510.0,20009127.0,20008744.0,20008361.0
13015.0,20009511.0,20009128.0,20008745.0,20008362.0,20009512.0,20009129.0,20008746.0,20008363.0,20009513.0,20009130.0
13016.0,20008747.0,20008364.0,20009514.0,20009131.0,20008748.0,20008365.0,20009515.0,20009132.0,20008749.0,20008366.0
13017.0,20009516.0,20009133.0,20008750.0,20008367.0,20009517.0,20009134.0,20008751.0,20008368.0,20009518.0,20009135.0
13018.0,20008752.0,20008369.0,20009519.0,20009136.0,20008753.0,20008370.0,20009520.0,20009137.0,20008754.0,20008371.0
13019.0,20009521.0,20009138.0,20008755.0,20008372.0,20009522.0,20009139.0,20008756.0,20008373.0,20009523.0,20009140.0
13020.0,20008757.0,20008374.0,20009524.0,20009141.0,20008758.0,20008375.0,20009525.0,20009142.0,20008759.0,20008376.0
13021.0,20009526.0,20009143.0,20008760.0,20008377.0,20009527.0,20009144.0,20008761.0,20008378.0,20009528.0,20009145.0
13022.0,20008762.0,20008379.0,20009529.0,20009146.0,20008763.0,20008380.0,20009530.0,20009147.0,20008764.0,20008381.0
13023.0,20009531.0,20009148.0,20008765.0,20008382.0,20009532.0,20009149.0,20008766.0,20008383.0,20009533.0,20009150.0
13024.0,20008767.0,20008384.0,20009534.0,20009151.0,20008768.0,20008385.0,20009535.0,20009152.0,20008769.0,20008386.0
13025.0,20009536.0,20009153.0,20008770.0,20008387.0,20009537.0,20009154.0,20008771.0,20008388.0,20009538.0,20009155.0
13026.0,20008772.0,20008389.0,20009539.0,20009156.0,20008773.0,20008390.0,20009540.0,20009157.0,20008774.0,20008391.0
13027.0,20009541.0,20009158.0,20008775.0,20008392.0,20009542.0,20009159.0,20008776.0,20008393.0,20009543.0,20009160.0
13028.0,20008777.0,20008394.0,20009544.0,20009161.0,20008778.0,20008395.0,20009545.0,20009162.0,20008779.0,20008396.0
13029.0,20009546.0,20009163.0,20008780.0,20008397.0,20009547.0,20009164.0,20008781.0,20008398.0,20009548.0,20009165.0
13030.0,20008782.0,20008399.0,20009549.0,20009166.0,20008783.0,20008400.0,20009550.0,20009167.0,20008784.0,20008401.0
13031.0,20009551.0,20009168.0,20008785.0,20008402.0,20009552.0,20009169.0,20008786.0,20008403.0,20009553.0,20009170.0
13032.0,20008787.0,20008404.0,20009554.0,20009171.0,20008788.0,20008405.0,20009555.0,20009172.0,20008789.0,20008406.0
13033.0,20009556.0,20009173.0,20008790.0,20008407.0,20009557.0,20009174.0,20008791.0,20008408.0,20009558.0,20009175.0
13034.0,20008792.0,20008409.0,20009559.0,20009176.0,20008793.0,20008410.0,20009560.0,20009177.0,20008794.0,20008411.0
13035.0,20009561.0,20009178.0,20008795.0,20008412.0,20009562.0,20009179.0,20008796.0,20008413.0,20009563.0,20009180.0
13036.0,20008797.0,20008414.0,20009564.0,20009181.0,20008798.0,20008415.0,20009565.0,20009182.0,20008799.0,20008416.0
13037.0,20009566.0,20009183.0,20008800.0,20008417.0,20009567.0,20009184.0,20008801.0,20008418.0,20009568.0,20009185.0
13038.0,20008802.0,20008419.0,20009569.0,20009186.0,20008803.0,20008420.0,20009570.0,20009187.0,20008804.0,20008421.0
13039.0,20009571.0,20009188.0,20008805.0,20008422.0,20009572.0,20009189.0,20008806.0,20008423.0,20009573.0,20009190.0
13040.0,20008807.0,20008424.0,20009574.0,20009191.0,20008808.0,20008425.0,20009575.0,20009192.0,20008809.0,20008426.0
13041.0,20009576.0,20009193.0,20008810.0,20008427.0,20009577.0,20009194.0,20008811.0,20008428.0,20009578.0,20009195.0
13042.0,20008812.0,20008429.0,20009579.0,20009196.0,20008813.0,20008430.0,20009580.0,20009197.0,20008814.0,20008431.0
13043.0,20009581.0,20009198.0,20008815.0,20008432.0,20009582.0,20009199.0,20008816.0,20008433.0,20009583.0,20009200.0
13044.0,20008817.0,20008434.0,20009584.0,20009201.0,20008818.0,20008435.0,20009585.0,20009202.0,20008819.0,20008436.0
13045.0,20009586.0,20009203.0,20008820.0,20008437.0,20009587.0,20009204.0,20008821.0,20008438.0,20009588.0,20009205.0
13046.0,20008822.0,20008439.0,20009589.0,20009206.0,20008823.0,20008440.0,20009590.0,20009207.0,20008824.0,20008441.0
13047.0,20009591.0,20009208.0,20008825.0,20008442.0,20009592.0,20009209.0,20008826.0,20008443.0,20009593.0,20009210.0
13048.0,20008827.0,20008444.0,20009594.0,20009211.0,20008828.0,20008445.0,20009595.0,20009212.0,20008829.0,20008446.0
13049.0,20009596.0,20009213.0,20008830.0,20008447.0,20009597.0,20009214.0,20008831.0,20009598.0,20009215.0,20009599.0
13050.0,20008320.0,20008704.0,20008321.0,20009088.0,20008705.0,20008322.0,20009472.0,20009089.0,20008706.0,20008323.0
13051.0,20009473.0,20009090.0,20008707.0,20008324.0,20009474.0,20009091.0,20008708.0,20008325.0,20009475.0,20009092.0
13052.0,20008709.0,20008326.0,20009476.0,20009093.0,20008710.0,20008327.0,20009477.0,20009094.0,20008711.0,20008328.0
13053.0,20009478.0,20009095.0,20008712.0,-1.0,-1.0,-1.0,-1.0,-1.0,-1.0,-1.0
13388.0,20008329.0,20009479.0,20009096.0,20008713.0,20008330.0,20009480.0,20009097.0,20008714.0,20008331.0,20009481.0
13389.0,20009098.0,20008715.0,20008332.0,20009482.0,20009099.0,20008716.0,20008333.0,20009483.0,20009100.0,20008717.0
13390.0,20008334.0,20009484.0,20009101.0,20008718.0,20008335.0,20009485.0,20009102.0,20008719.0,20008336.0,20009486.0
13391.0,20009103.0,20008720.0,20008337.0,20009487.0,20009104.0,20008721.0,20008338.0,20009488.0,20009105.0,20008722.0
13392.0,20008339.0,20009489.0,20009106.0,20008723.0,20008340.0,20009490.0,20009107.0,20008724.0,20008341.0,20009491.0
13393.0,20009108.0,20008725.0,20008342.0,20009492.0,20009109.0,20008726.0,20008343.0,20009493.0,20009110.0,20008727.0
13394.0,20008344.0,20009494.0,20009111.0,20008728.0,20008345.0,20009495.0,20009112.0,20008729.0,20008346.0,20009496.0
13395.0,20009113.0,20008730.0,20008347.0,20009497.0,20009114.0,20008731.0,20008348.0,20009498.0,20009115.0,20008732.0
13396.0,20008349.0,20009499.0,20009116.0,20008733.0,20008350.0,20009500.0,20009117.0,20008734.0,20008351.0,20009501.0
13397.0,20009118.0,20008735.0,20008352.0,20009502.0,20009119.0,20008736.0,20008353.0,20009503.0,20009120.0,20008737.0
13398.0,20008354.0,20009504.0,20009121.0,20008738.0,20008355.0,20009505.0,20009122.0,20008739.0,20008356.0,20009506.0
13399.0,20009123.0,20008740.0,20008357.0,20009507.0,20009124.0,20008741.0,20008358.0,20009508.0,20009125.0,20008742.0
13400.0,20008359.0,20009509.0,20009126.0,20008743.0,20008360.0,20009510.0,20009127.0,20008744.0,20008361.0,20009511.0
13401.0,20009128.0,20008745.0,20008362.0,20009512.0,20009129.0,20008746.0,20008363.0,20009513.0,20009130.0,20008747.0
13402.0,20008364.0,20009514.0,20009131.0,20008748.0,20008365.0,20009515.0,20009132.0,20008749.0,20008366.0,20009516.0
13403.0,20009133.0,20008750.0,20008367.0,20009517.0,20009134.0,20008751.0,20008368.0,20009518.0,20009135.0,20008752.0
13404.0,20008369.0,20009519.0,20009136.0,20008753.0,20008370.0,20009520.0,20009137.0,20008754.0,20008371.0,20009521.0
13405.0,20009138.0,20008755.0,20008372.0,20009522.0,20009139.0,20008756.0,20008373.0,20009523.0,20009140.0,20008757.0
13406.0,20008374.0,20009524.0,20009141.0,20008758.0,20008375.0,20009525.0,20009142.0,20008759.0,20008376.0,20009526.0
13407.0,20009143.0,20008760.0,20008377.0,20009527.0,20009144.0,20008761.0,20008378.0,20009528.0,20009145.0,20008762.0
13408.0,20008379.0,20009529.0,20009146.0,20008763.0,20008380.0,20009530.0,20009147.0,20008764.0,20008381.0,20009531.0
13409.0,20009148.0,20008765.0,20008382.0,20009532.0,20009149.0,20008766.0,20008383.0,20009533.0,20009150.0,20008767.0
13410.0,20008384.0,20009534.0,20009151.0,20008768.0,20008385.0,20009535.0,20009152.0,20008769.0,20008386.0,20009536.0
13411.0,20009153.0,20008770.0,20008387.0,20009537.0,20009154.0,20008771.0,20008388.0,20009538.0,20009155.0,20008772.0
13412.0,20008389.0,20009539.0,20009156.0,20008773.0,20008390.0,20009540.0,20009157.0,20008774.0,20008391.0,20009541.0
13413.0,20009158.0,20008775.0,20008392.0,20009542.0,20009159.0,20008776.0,20008393.0,20009543.0,20009160.0,20008777.0
13414.0,20008394.0,20009544.0,20009161.0,20008778.0,20008395.0,20009545.0,20009162.0,20008779.0,20008396.0,20009546.0
13415.0,20009163.0,20008780.0,20008397.0,20009547.0,20009164.0,20008781.0,20008398.0,20009548.0,20009165.0,20008782.0
13416.0,20008399.0,20009549.0,20009166.0,20008783.0,20008400.0,20009550.0,20009167.0,20008784.0,20008401.0,20009551.0
13417.0,20009168.0,20008785.0,20008402.0,20009552.0,20009169.0,20008786.0,20008403.0,20009553.0,20009170.0,20008787.0
13418.0,20008404.0,20009554.0,20009171.0,20008788.0,20008405.0,20009555.0,20009172.0,20008789.0,20008406.0,20009556.0
13419.0,20009173.0,20008790.0,20008407.0,20009557.0,20009174.0,20008791.0,20008408.0,20009558.0,20009175.0,20008792.0
13420.0,20008409.0,20009559.0,20009176.0,20008793.0,20008410.0,20009560.0,20009177.0,20008794.0,20008411.0,20009561.0
13421.0,20009178.0,20008795.0,20008412.0,20009562.0,20009179.0,20008796.0,20008413.0,20009563.0,20009180.0,20008797.0
13422.0,20008414.0,20009564.0,20009181.0,20008798.0,20008415.0,20009565.0,20009182.0,20008799.0,20008416.0,20009566.0
13423.0,20009183.0,20008800.0,20008417.0,20009567.0,20009184.0,20008801.0,20008418.0,20009568.0,20009185.0,20008802.0
13424.0,20008419.0,20009569.0,20009186.0,20008803.0,20008420.0,20009570.0,20009187.0,20008804.0,20008421.0,20009571.0
13425.0,20009188.0,20008805.0,20008422.0,20009572.0,20009189.0,20008806.0,20008423.0,20009573.0,20009190.0,20008807.0
13426.0,20008424.0,20009574.0,20009191.0,20008808.0,20008425.0,20009575.0,20009192.0,20008809.0,20008426.0,20009576.0
13427.0,20009193.0,20008810.0,20008427.0,20009577.0,20009194.0,20008811.0,20008428.0,20009578.0,20009195.0,20008812.0
13428.0,20008429.0,20009579.0,20009196.0,20008813.0,20008430.0,20009580.0,20009197.0,20008814.0,20008431.0,20009581.0
13429.0,20009198.0,20008815.0,20008432.0,20009582.0,20009199.0,20008816.0,20008433.0,20009583.0,20009200.0,20008817.0
13430.0,20008434.0,20009584.0,20009201.0,20008818.0,20008435.0,20009585.0,20009202.0,20008819.0,20008436.0,20009586.0
13431.0,20009203.0,20008820.0,20008437.0,20009587.0,20009204.0,20008821.0,20008438.0,20009588.0,20009205.0,20008822.0
13432.0,20008439.0,20009589.0,20009206.0,20008823.0,20008440.0,20009590.0,20009207.0,20008824.0,20008441.0,20009591.0
13433.0,20009208.0,20008825.0,20008442.0,20009592.0,20009209.0,20008826.0,20008443.0,20009593.0,20009210.0,20008827.0
13434.0,20008444.0,20009594.0,20009211.0,20008828.0,20008445.0,20009595.0,20009212.0,20008829.0,20008446.0,20009596.0
13435.0,20009213.0,20008830.0,20008447.0,20009597.0,20009214.0,20008831.0,20009598.0,20009215.0,20009599.0,20008320.0
13436.0,20008704.0,20008321.0,20009088.0,20008705.0,20008322.0,20009472.0,20009089.0,20008706.0,20008323.0,20009473.0
13437.0,20009090.0,20008707.0,20008324.0,20009474.0,20009091.0,20008708.0,20008325.0,20009475.0,20009092.0,20008709.0
13438.0,20008326.0,20009476.0,20009093.0,20008710.0,20008327.0,20009477.0,20009094.0,20008711.0,20008328.0,20009478.0
13439.0,20009095.0,20008712.0,20008329.0,-1.0,-1.0,-1.0,-1.0,-1.0,-1.0,-1.0
13775.0,20009479.0,20009096.0,20008713.0,20008330.0,20009480.0,20009097.0,20008714.0,20008331.0,20009481.0,20009098.0
13776.0,20008715.0,20008332.0,20009482.0,20009099.0,20008716.0,20008333.0,20009483.0,20009100.0,20008717.0,20008334.0
13777.0,20009484.0,20009101.0,20008718.0,20008335.0,20009485.0,20009102.0,20008719.0,20008336.0,20009486.0,20009103.0
13778.0,20008720.0,20008337.0,20009487.0,20009104.0,20008721.0,20008338.0,20009488.0,20009105.0,20008722.0,20008339.0
13779.0,20009489.0,20009106.0,20008723.0,20008340.0,20009490.0,20009107.0,20008724.0,20008341.0,20009491.0,20009108.0
13780.0,20008725.0,20008342.0,20009492.0,20009109.0,20008726.0,20008343.0,20009493.0,20009110.0,20008727.0,20008344.0
13781.0,20009494.0,20009111.0,20008728.0,20008345.0,20009495.0,20009112.0,20008729.0,20008346.0,20009496.0,20009113.0
13782.0,20008730.0,20008347.0,20009497.0,20009114.0,20008731.0,20008348.0,20009498.0,20009115.0,20008732.0,20008349.0
13783.0,20009499.0,20009116.0,20008733.0,20008350.0,20009500.0,20009117.0,20008734.0,20008351.0,20009501.0,20009118.0
13784.0,20008735.0,20008352.0,20009502.0,20009119.0,20008736.0,20008353.0,20009503.0,20009120.0,20008737.0,20008354.0
13785.0,20009504.0,20009121.0,20008738.0,20008355.0,20009505.0,20009122.0,20008739.0,20008356.0,20009506.0,20009123.0
13786.0,20008740.0,20008357.0,20009507.0,20009124.0,20008741.0,20008358.0,20009508.0,20009125.0,20008742.0,20008359.0
13787.0,20009509.0,20009126.0,20008743.0,20008360.0,20009510.0,20009127.0,20008744.0,20008361.0,20009511.0,20009128.0
13788.0,20008745.0,20008362.0,20009512.0,20009129.0,20008746.0,20008363.0,20009513.0,20009130.0,20008747.0,20008364.0
13789.0,20009514.0,20009131.0,20008748.0,20008365.0,20009515.0,20009132.0,20008749.0,20008366.0,20009516.0,20009133.0
13790.0,20008750.0,20008367.0,20009517.0,20009134.0,20008751.0,20008368.0,20009518.0,20009135.0,20008752.0,20008369.0
13791.0,20009519.0,20009136.0,20008753.0,20008370.0,20009520.0,20009137.0,20008754.0,20008371.0,20009521.0,20009138.0
13792.0,20008755.0,20008372.0,20009522.0,20009139.0,20008756.0,20008373.0,20009523.0,20009140.0,20008757.0,20008374.0
13793.0,20009524.0,20009141.0,20008758.0,20008375.0,20009525.0,20009142.0,20008759.0,20008376.0,20009526.0,20009143.0
13794.0,20008760.0,20008377.0,20009527.0,20009144.0,20008761.0,20008378.0,20009528.0,20009145.0,20008762.0,20008379.0
13795.0,20009529.0,20009146.0,20008763.0,20008380.0,20009530.0,20009147.0,20008764.0,20008381.0,20009531.0,20009148.0
13796.0,20008765.0,20008382.0,20009532.0,20009149.0,20008766.0,20008383.0,20009533.0,20009150.0,20008767.0,20008384.0
13797.0,20009534.0,20009151.0,20008768.0,20008385.0,20009535.0,20009152.0,20008769.0,20008386.0,20009536.0,20009153.0
13798.0,20008770.0,20008387.0,20009537.0,20009154.0,20008771.0,20008388.0,20009538.0,20009155.0,20008772.0,20008389.0
13799.0,20009539.0,20009156.0,20008773.0,20008390.0,20009540.0,20009157.0,20008774.0,20008391.0,20009541.0,20009158.0
13800.0,20008775.0,20008392.0,20009542.0,20009159.0,20008776.0,20008393.0,20009543.0,20009160.0,20008777.0,20008394.0
13801.0,20009544.0,20009161.0,20008778.0,20008395.0,20009545.0,20009162.0,20008779.0,20008396.0,20009546.0,20009163.0
13802.0,20008780.0,20008397.0,20009547.0,20009164.0,20008781.0,20008398.0,20009548.0,20009165.0,20008782.0,20008399.0
13803.0,20009549.0,20009166.0,20008783.0,20008400.0,20009550.0,20009167.0,20008784.0,20008401.0,20009551.0,20009168.0
13804.0,20008785.0,20008402.0,20009552.0,20009169.0,20008786.0,20008403.0,20009553.0,20009170.0,20008787.0,20008404.0
13805.0,20009554.0,20009171.0,20008788.0,20008405.0,20009555.0,20009172.0,20008789.0,20008406.0,20009556.0,20009173.0
13806.0,20008790.0,20008407.0,20009557.0,20009174.0,20008791.0,20008408.0,20009558.0,20009175.0,20008792.0,20008409.0
13807.0,20009559.0,20009176.0,20008793.0,20008410.0,20009560.0,20009177.0,20008794.0,20008411.0,20009561.0,20009178.0
13808.0,20008795.0,20008412.0,20009562.0,20009179.0,20008796.0,20008413.0,20009563.0,20009180.0,20008797.0,20008414.0
13809.0,20009564.0,20009181.0,20008798.0,20008415.0,20009565.0,20009182.0,20008799.0,20008416.0,20009566.0,20009183.0
13810.0,20008800.0,20008417.0,20009567.0,20009184.0,20008801.0,20008418.0,20009568.0,20009185.0,20008802.0,20008419.0
13811.0,20009569.0,20009186.0,20008803.0,20008420.0,20009570.0,20009187.0,20008804.0,20008421.0,20009571.0,20009188.0
13812.0,20008805.0,20008422.0,20009572.0,20009189.0,20008806.0,20008423.0,20009573.0,20009190.0,20008807.0,20008424.0
13813.0,20009574.0,20009191.0,20008808.0,20008425.0,20009575.0,20009192.0,20008809.0,20008426.0,20009576.0,20009193.0
13814.0,20008810.0,20008427.0,20009577.0,20009194.0,20008811.0,20008428.0,20009578.0,20009195.0,20008812.0,20008429.0
13815.0,20009579.0,20009196.0,20008813.0,20008430.0,20009580.0,20009197.0,20008814.0,20008431.0,20009581.0,20009198.0
13816.0,20008815.0,20008432.0,20009582.0,20009199.0,20008816.0,20008433.0,20009583.0,20009200.0,20008817.0,20008434.0
13817.0,20009584.0,20009201.0,20008818.0,20008435.0,20009585.0,20009202.0,20008819.0,20008436.0,20009586.0,20009203.0
13818.0,20008820.0,20008437.0,20009587.0,20009204.0,20008821.0,20008438.0,20009588.0,20009205.0,20008822.0,20008439.0
13819.0,20009589.0,20009206.0,20008823.0,20008440.0,20009590.0,20009207.0,20008824.0,20008441.0,20009591.0,20009208.0
13820.0,20008825.0,20008442.0,20009592.0,20009209.0,20008826.0,20008443.0,20009593.0,20009210.0,20008827.0,20008444.0
13821.0,20009594.0,20009211.0,20008828.0,20008445.0,20009595.0,20009212.0,20008829.0,20008446.0,20009596.0,20009213.0
13822.0,20008830.0,20008447.0,20009597.0,20009214.0,20008831.0,20009598.0,20009215.0,20009599.0,20008320.0,20008704.0
13823.0,20008321.0,20009088.0,20008705.0,20008322.0,20009472.0,20009089.0,20008706.0,20008323.0,20009473.0,20009090.0
13824.0,20008707.0,20008324.0,20009474.0,20009091.0,20008708.0,20008325.0,20009475.0,20009092.0,20008709.0,20008326.0
13825.0,20009476.0,20009093.0,20008710.0,20008327.0,20009477.0,20009094.0,20008711.0,20008328.0,20009478.0,20009095.0
13826.0,20008712.0,20008329.0,20009479.0,-1.0,-1.0,-1.0,-1.0,-1.0,-1.0,-1.0
14161.0,20009096.0,20008713.0,20008330.0,20009480.0,20009097.0,20008714.0,20008331.0,20009481.0,20009098.0,20008715.0
14162.0,20008332.0,20009482.0,20009099.0,20008716.0,20008333.0,20009483.0,20009100.0,20008717.0,20008334.0,20009484.0
14163.0,20009101.0,20008718.0,20008335.0,20009485.0,20009102.0,20008719.0,20008336.0,20009486.0,20009103.0,20008720.0
14164.0,20008337.0,20009487.0,20009104.0,20008721.0,20008338.0,20009488.0,20009105.0,20008722.0,20008339.0,20009489.0
14165.0,20009106.0,20008723.0,20008340.0,20009490.0,20009107.0,20008724.0,20008341.0,20009491.0,20009108.0,20008725.0
14166.0,20008342.0,20009492.0,20009109.0,20008726.0,20008343.0,20009493.0,20009110.0,20008727.0,20008344.0,20009494.0
14167.0,20009111.0,20008728.0,20008345.0,20009495.0,20009112.0,20008729.0,20008346.0,20009496.0,20009113.0,20008730.0
14168.0,20008347.0,20009497.0,20009114.0,20008731.0,20008348.0,20009498.0,20009115.0,20008732.0,20008349.0,20009499.0
14169.0,20009116.0,20008733.0,20008350.0,20009500.0,20009117.0,20008734.0,20008351.0,20009501.0,20009118.0,20008735.0
14170.0,20008352.0,20009502.0,20009119.0,20008736.0,20008353.0,20009503.0,20009120.0,20008737.0,20008354.0,20009504.0
14171.0,20009121.0,20008738.0,20008355.0,20009505.0,20009122.0,20008739.0,20008356.0,20009506.0,20009123.0,20008740.0
14172.0,20008357.0,20009507.0,20009124.0,20008741.0,20008358.0,20009508.0,20009125.0,20008742.0,20008359.0,20009509.0
14173.0,20009126.0,20008743.0,20008360.0,20009510.0,20009127.0,20008744.0,20008361.0,20009511.0,20009128.0,20008745.0
14174.0,20008362.0,20009512.0,20009129.0,20008746.0,20008363.0,20009513.0,20009130.0,20008747.0,20008364.0,20009514.0
14175.0,20009131.0,20008748.0,20008365.0,20009515.0,20009132.0,20008749.0,20008366.0,20009516.0,20009133.0,20008750.0
14176.0,20008367.0,20009517.0,20009134.0,20008751.0,20008368.0,20009518.0,20009135.0,20008752.0,20008369.0,20009519.0
14177.0,20009136.0,20008753.0,20008370.0,20009520.0,20009137.0,20008754.0,20008371.0,20009521.0,20009138.0,20008755.0
14178.0,20008372.0,20009522.0,20009139.0,20008756.0,20008373.0,20009523.0,20009140.0,20008757.0,20008374.0,20009524.0
14179.0,20009141.0,20008758.0,20008375.0,20009525.0,20009142.0,20008759.0,20008376.0,20009526.0,20009143.0,20008760.0
14180.0,20008377.0,20009527.0,20009144.0,20008761.0,20008378.0,20009528.0,20009145.0,20008762.0,20008379.0,20009529.0
14181.0,20009146.0,20008763.0,20008380.0,20009530.0,20009147.0,20008764.0,20008381.0,20009531.0,20009148.0,20008765.0
14182.0,20008382.0,20009532.0,20009149.0,20008766.0,20008383.0,20009533.0,20009150.0,20008767.0,20008384.0,20009534.0
14183.0,20009151.0,20008768.0,20008385.0,20009535.0,20009152.0,20008769.0,20008386.0,20009536.0,20009153.0,20008770.0
14184.0,20008387.0,20009537.0,20009154.0,20008771.0,20008388.0,20009538.0,20009155.0,20008772.0,20008389.0,20009539.0
14185.0,20009156.0,20008773.0,20008390.0,20009540.0,20009157.0,20008774.0,20008391.0,20009541.0,20009158.0,20008775.0
14186.0,20008392.0,20009542.0,20009159.0,20008776.0,20008393.0,20009543.0,20009160.0,20008777.0,20008394.0,20009544.0
14187.0,20009161.0,20008778.0,20008395.0,20009545.0,20009162.0,20008779.0,20008396.0,20009546.0,20009163.0,20008780.0
14188.0,20008397.0,20009547.0,20009164.0,20008781.0,20008398.0,20009548.0,20009165.0,20008782.0,20008399.0,20009549.0
14189.0,20009166.0,20008783.0,20008400.0,20009550.0,20009167.0,20008784.0,20008401.0,20009551.0,20009168.0,20008785.0
14190.0,20008402.0,20009552.0,20009169.0,20008786.0,20008403.0,20009553.0,20009170.0,20008787.0,20008404.0,20009554.0
14191.0,20009171.0,20008788.0,20008405.0,20009555.0,20009172.0,20008789.0,20008406.0,20009556.0,20009173.0,20008790.0
14192.0,20008407.0,20009557.0,20009174.0,20008791.0,20008408.0,20009558.0,20009175.0,20008792.0,20008409.0,20009559.0
14193.0,20009176.0,20008793.0,20008410.0,20009560.0,20009177.0,20008794.0,20008411.0,20009561.0,20009178.0,20008795.0
14194.0,20008412.0,20009562.0,20009179.0,20008796.0,20008413.0,20009563.0,20009180.0,20008797.0,20008414.0,20009564.0
14195.0,20009181.0,20008798.0,20008415.0,20009565.0,20009182.0,20008799.0,20008416.0,20009566.0,20009183.0,20008800.0
14196.0,20008417.0,20009567.0,20009184.0,20008801.0,20008418.0,20009568.0,20009185.0,20008802.0,20008419.0,20009569.0
14197.0,20009186.0,20008803.0,20008420.0,20009570.0,20009187.0,20008804.0,20008421.0,20009571.0,20009188.0,20008805.0
14198.0,20008422.0,20009572.0,20009189.0,20008806.0,20008423.0,20009573.0,20009190.0,20008807.0,20008424.0,20009574.0
14199.0,20009191.0,20008808.0,20008425.0,20009575.0,20009192.0,20008809.0,20008426.0,20009576.0,20009193.0,20008810.0
14200.0,20008427.0,20009577.0,20009194.0,20008811.0,20008428.0,20009578.0,20009195.0,20008812.0,20008429.0,20009579.0
14201.0,20009196.0,20008813.0,20008430.0,20009580.0,20009197.0,20008814.0,20008431.0,20009581.0,20009198.0,20008815.0
14202.0,20008432.0,20009582.0,20009199.0,20008816.0,20008433.0,20009583.0,20009200.0,20008817.0,20008434.0,20009584.0
14203.0,20009201.0,20008818.0,20008435.0,20009585.0,20009202.0,20008819.0,20008436.0,20009586.0,20009203.0,20008820.0
14204.0,20008437.0,20009587.0,20009204.0,20008821.0,20008438.0,20009588.0,20009205.0,20008822.0,20008439.0,20009589.0
14205.0,20009206.0,20008823.0,20008440.0,20009590.0,20009207.0,20008824.0,20008441.0,20009591.0,20009208.0,20008825.0
14206.0,20008442.0,20009592.0,20009209.0,20008826.0,20008443.0,20009593.0,20009210.0,20008827.0,20008444.0,20009594.0
14207.0,20009211.0,20008828.0,20008445.0,20009595.0,20009212.0,20008829.0,20008446.0,20009596.0,20009213.0,20008830.0
14208.0,20008447.0,20009597.0,20009214.0,20008831.0,20009598.0,20009215.0,20009599.0,20008320.0,20008704.0,20008321.0
14209.0,20009088.0,20008705.0,20008322.0,20009472.0,20009089.0,20008706.0,20008323.0,20009473.0,20009090.0,20008707.0
14210.0,20008324.0,20009474.0,20009091.0,20008708.0,20008325.0,20009475.0,20009092.0,20008709.0,20008326.0,20009476.0
14211.0,20009093.0,20008710.0,20008327.0,20009477.0,20009094.0,20008711.0,20008328.0,20009478.0,20009095.0,20008712.0
14212.0,20008329.0,20009479.0,20009096.0,-1.0,-1.0,-1.0,-1.0,-1.0,-1.0,-1.0
14547.0,20008713.0,20008330.0,20009480.0,20009097.0,20008714.0,20008331.0,20009481.0,20009098.0,20008715.0,20008332.0
14548.0,20009482.0,20009099.0,20008716.0,20008333.0,20009483.0,20009100.0,20008717.0,20008334.0,20009484.0,20009101.0
14549.0,20008718.0,20008335.0,20009485.0,20009102.0,20008719.0,20008336.0,20009486.0,20009103.0,20008720.0,20008337.0
14550.0,20009487.0,20009104.0,20008721.0,20008338.0,20009488.0,20009105.0,20008722.0,20008339.0,20009489.0,20009106.0
14551.0,20008723.0,20008340.0,20009490.0,20009107.0,20008724.0,20008341.0,20009491.0,20009108.0,20008725.0,20008342.0
14552.0,20009492.0,20009109.0,20008726.0,20008343.0,20009493.0,20009110.0,20008727.0,20008344.0,20009494.0,20009111.0
14553.0,20008728.0,20008345.0,20009495.0,20009112.0,20008729.0,20008346.0,20009496.0,20009113.0,20008730.0,20008347.0
14554.0,20009497.0,20009114.0,20008731.0,20008348.0,20009498.0,20009115.0,20008732.0,20008349.0,20009499.0,20009116.0
14555.0,20008733.0,20008350.0,20009500.0,20009117.0,20008734.0,20008351.0,20009501.0,20009118.0,20008735.0,20008352.0
14556.0,20009502.0,20009119.0,20008736.0,20008353.0,20009503.0,20009120.0,20008737.0,20008354.0,20009504.0,20009121.0
14557.0,20008738.0,20008355.0,20009505.0,20009122.0,20008739.0,20008356.0,20009506.0,20009123.0,20008740.0,20008357.0
14558.0,20009507.0,20009124.0,20008741.0,20008358.0,20009508.0,20009125.0,20008742.0,20008359.0,20009509.0,20009126.0
14559.0,20008743.0,20008360.0,20009510.0,20009127.0,20008744.0,20008361.0,20009511.0,20009128.0,20008745.0,20008362.0
14560.0,20009512.0,20009129.0,20008746.0,20008363.0,20009513.0,20009130.0,20008747.0,20008364.0,20009514.0,20009131.0
14561.0,20008748.0,20008365.0,20009515.0,20009132.0,20008749.0,20008366.0,20009516.0,20009133.0,20008750.0,20008367.0
14562.0,20009517.0,20009134.0,20008751.0,20008368.0,20009518.0,20009135.0,20008752.0,20008369.0,20009519.0,20009136.0
14563.0,20008753.0,20008370.0,20009520.0,20009137.0,20008754.0,20008371.0,20009521.0,20009138.0,20008755.0,20008372.0
14564.0,20009522.0,20009139.0,20008756.0,20008373.0,20009523.0,20009140.0,20008757.0,20008374.0,20009524.0,20009141.0
14565.0,20008758.0,20008375.0,20009525.0,20009142.0,20008759.0,20008376.0,20009526.0,20009143.0,20008760.0,20008377.0
14566.0,20009527.0,20009144.0,20008761.0,20008378.0,20009528.0,20009145.0,20008762.0,20008379.0,20009529.0,20009146.0
14567.0,20008763.0,20008380.0,20009530.0,20009147.0,20008764.0,20008381.0,20009531.0,20009148.0,20008765.0,20008382.0
14568.0,20009532.0,20009149.0,20008766.0,20008383.0,20009533.0,20009150.0,20008767.0,20008384.0,20009534.0,20009151.0
14569.0,20008768.0,20008385.0,20009535.0,20009152.0,20008769.0,20008386.0,20009536.0,20009153.0,20008770.0,20008387.0
14570.0,20009537.0,20009154.0,20008771.0,20008388.0,20009538.0,20009155.0,20008772.0,20008389.0,20009539.0,20009156.0
14571.0,20008773.0,20008390.0,20009540.0,20009157.0,20008774.0,20008391.0,20009541.0,20009158.0,20008775.0,20008392.0
14572.0,20009542.0,20009159.0,20008776.0,20008393.0,20009543.0,20009160.0,20008777.0,20008394.0,20009544.0,20009161.0
14573.0,20008778.0,20008395.0,20009545.0,20009162.0,20008779.0,20008396.0,20009546.0,20009163.0,20008780.0,20008397.0
14574.0,20009547.0,20009164.0,20008781.0,20008398.0,20009548.0,20009165.0,20008782.0,20008399.0,20009549.0,20009166.0
14575.0,20008783.0,20008400.0,20009550.0,20009167.0,20008784.0,20008401.0,20009551.0,20009168.0,20008785.0,20008402.0
14576.0,20009552.0,20009169.0,20008786.0,20008403.0,20009553.0,20009170.0,20008787.0,20008404.0,20009554.0,20009171.0
14577.0,20008788.0,20008405.0,20009555.0,20009172.0,20008789.0,20008406.0,20009556.0,20009173.0,20008790.0,20008407.0
14578.0,20009557.0,20009174.0,20008791.0,20008408.0,20009558.0,20009175.0,20008792.0,20008409.0,20009559.0,20009176.0
14579.0,20008793.0,20008410.0,20009560.0,20009177.0,20008794.0,20008411.0,20009561.0,20009178.0,20008795.0,20008412.0
14580.0,20009562.0,20009179.0,20008796.0,20008413.0,20009563.0,20009180.0,20008797.0,20008414.0,20009564.0,20009181.0
14581.0,20008798.0,20008415.0,20009565.0,20009182.0,20008799.0,20008416.0,20009566.0,20009183.0,20008800.0,20008417.0
14582.0,20009567.0,20009184.0,20008801.0,20008418.0,20009568.0,20009185.0,20008802.0,20008419.0,20009569.0,20009186.0
14583.0,20008803.0,20008420.0,20009570.0,20009187.0,20008804.0,20008421.0,20009571.0,20009188.0,20008805.0,20008422.0
14584.0,20009572.0,20009189.0,20008806.0,20008423.0,20009573.0,20009190.0,20008807.0,20008424.0,20009574.0,20009191.0
14585.0,20008808.0,20008425.0,20009575.0,20009192.0,20008809.0,20008426.0,20009576.0,20009193.0,20008810.0,20008427.0
14586.0,20009577.0,20009194.0,20008811.0,20008428.0,20009578.0,20009195.0,20008812.0,20008429.0,20009579.0,20009196.0
14587.0,20008813.0,20008430.0,20009580.0,20009197.0,20008814.0,20008431.0,20009581.0,20009198.0,20008815.0,20008432.0
14588.0,20009582.0,20009199.0,20008816.0,20008433.0,20009583.0,20009200.0,20008817.0,20008434.0,20009584.0,20009201.0
14589.0,20008818.0,20008435.0,20009585.0,20009202.0,20008819.0,20008436.0,20009586.0,20009203.0,20008820.0,20008437.0
14590.0,20009587.0,20009204.0,20008821.0,20008438.0,20009588.0,20009205.0,20008822.0,20008439.0,20009589.0,20009206.0
14591.0,20008823.0,20008440.0,20009590.0,20009207.0,20008824.0,20008441.0,20009591.0,20009208.0,20008825.0,20008442.0
14592.0,20009592.0,20009209.0,20008826.0,20008443.0,20009593.0,20009210.0,20008827.0,20008444.0,20009594.0,20009211.0
14593.0,20008828.0,20008445.0,20009595.0,20009212.0,20008829.0,20008446.0,20009596.0,20009213.0,20008830.0,20008447.0
14594.0,20009597.0,20009214.0,20008831.0,20009598.0,20009215.0,20009599.0,20008320.0,20008704.0,20008321.0,20009088.0
14595.0,20008705.0,20008322.0,20009472.0,20009089.0,20008706.0,20008323.0,20009473.0,20009090.0,20008707.0,20008324.0
14596.0,20009474.0,20009091.0,20008708.0,20008325.0,20009475.0,20009092.0,20008709.0,20008326.0,20009476.0,20009093.0
14597.0,20008710.0,20008327.0,20009477.0,20009094.0,20008711.0,20008328.0,20009478.0,20009095.0,20008712.0,20008329.0
14598.0,20009479.0,20009096.0,20008713.0,-1.0,-1.0,-1.0,-1.0,-1.0,-1.0,-1.0
14933.0,20008330.0,20009480.0,20009097.0,20008714.0,20008331.0,20009481.0,20009098.0,20008715.0,20008332.0,20009482.0
14934.0,20009099.0,20008716.0,20008333.0,20009483.0,20009100.0,20008717.0,20008334.0,20009484.0,20009101.0,20008718.0
14935.0,20008335.0,20009485.0,20009102.0,20008719.0,20008336.0,20009486.0,20009103.0,20008720.0,20008337.0,20009487.0
14936.0,20009104.0,20008721.0,20008338.0,20009488.0,20009105.0,20008722.0,20008339.0,20009489.0,20009106.0,20008723.0
14937.0,20008340.0,20009490.0,20009107.0,20008724.0,20008341.0,20009491.0,20009108.0,20008725.0,20008342.0,20009492.0
14938.0,20009109.0,20008726.0,20008343.0,20009493.0,20009110.0,20008727.0,20008344.0,20009494.0,20009111.0,20008728.0
14939.0,20008345.0,20009495.0,20009112.0,20008729.0,20008346.0,20009496.0,20009113.0,20008730.0,20008347.0,20009497.0
14940.0,20009114.0,20008731.0,20008348.0,20009498.0,20009115.0,20008732.0,20008349.0,20009499.0,20009116.0,20008733.0
14941.0,20008350.0,20009500.0,20009117.0,20008734.0,20008351.0,20009501.0,20009118.0,20008735.0,20008352.0,20009502.0
14942.0,20009119.0,20008736.0,20008353.0,20009503.0,20009120.0,20008737.0,20008354.0,20009504.0,20009121.0,20008738.0
14943.0,20008355.0,20009505.0,20009122.0,20008739.0,20008356.0,20009506.0,20009123.0,20008740.0,20008357.0,20009507.0
14944.0,20009124.0,20008741.0,20008358.0,20009508.0,20009125.0,20008742.0,20008359.0,20009509.0,20009126.0,20008743.0
14945.0,20008360.0,20009510.0,20009127.0,20008744.0,20008361.0,20009511.0,20009128.0,20008745.0,20008362.0,20009512.0
14946.0,20009129.0,20008746.0,20008363.0,20009513.0,20009130.0,20008747.0,20008364.0,20009514.0,20009131.0,20008748.0
14947.0,20008365.0,20009515.0,20009132.0,20008749.0,20008366.0,20009516.0,20009133.0,20008750.0,20008367.0,20009517.0
14948.0,20009134.0,20008751.0,20008368.0,20009518.0,20009135.0,20008752.0,20008369.0,20009519.0,20009136.0,20008753.0
14949.0,20008370.0,20009520.0,20009137.0,20008754.0,20008371.0,20009521.0,20009138.0,20008755.0,20008372.0,20009522.0
14950.0,20009139.0,20008756.0,20008373.0,20009523.0,20009140.0,20008757.0,20008374.0,20009524.0,20009141.0,20008758.0
14951.0,20008375.0,20009525.0,20009142.0,20008759.0,20008376.0,20009526.0,20009143.0,20008760.0,20008377.0,20009527.0
14952.0,20009144.0,20008761.0,20008378.0,20009528.0,20009145.0,20008762.0,20008379.0,20009529.0,20009146.0,20008763.0
14953.0,20008380.0,20009530.0,20009147.0,20008764.0,20008381.0,20009531.0,20009148.0,20008765.0,20008382.0,20009532.0
14954.0,20009149.0,20008766.0,20008383.0,20009533.0,20009150.0,20008767.0,20008384.0,20009534.0,20009151.0,20008768.0
14955.0,20008385.0,20009535.0,20009152.0,20008769.0,20008386.0,20009536.0,20009153.0,20008770.0,20008387.0,20009537.0
14956.0,20009154.0,20008771.0,20008388.0,20009538.0,20009155.0,20008772.0,20008389.0,20009539.0,20009156.0,20008773.0
14957.0,20008390.0,20009540.0,20009157.0,20008774.0,20008391.0,20009541.0,20009158.0,20008775.0,20008392.0,20009542.0
14958.0,20009159.0,20008776.0,20008393.0,20009543.0,20009160.0,20008777.0,20008394.0,20009544.0,20009161.0,20008778.0
14959.0,20008395.0,20009545.0,20009162.0,20008779.0,20008396.0,20009546.0,20009163.0,20008780.0,20008397.0,20009547.0
14960.0,20009164.0,20008781.0,20008398.0,20009548.0,20009165.0,20008782.0,20008399.0,20009549.0,20009166.0,20008783.0
14961.0,20008400.0,20009550.0,20009167.0,20008784.0,20008401.0,20009551.0,20009168.0,20008785.0,20008402.0,20009552.0
14962.0,20009169.0,20008786.0,20008403.0,20009553.0,20009170.0,20008787.0,20008404.0,20009554.0,20009171.0,20008788.0
14963.0,20008405.0,20009555.0,20009172.0,20008789.0,20008406.0,20009556.0,20009173.0,20008790.0,20008407.0,20009557.0
14964.0,20009174.0,20008791.0,20008408.0,20009558.0,20009175.0,20008792.0,20008409.0,20009559.0,20009176.0,20008793.0
14965.0,20008410.0,20009560.0,20009177.0,20008794.0,20008411.0,20009561.0,20009178.0,20008795.0,20008412.0,20009562.0
14966.0,20009179.0,20008796.0,20008413.0,20009563.0,20009180.0,20008797.0,20008414.0,20009564.0,20009181.0,20008798.0
14967.0,20008415.0,20009565.0,20009182.0,20008799.0,20008416.0,20009566.0,20009183.0,20008800.0,20008417.0,20009567.0
14968.0,20009184.0,20008801.0,20008418.0,20009568.0,20009185.0,20008802.0,20008419.0,20009569.0,20009186.0,20008803.0
14969.0,20008420.0,20009570.0,20009187.0,20008804.0,20008421.0,20009571.0,20009188.0,20008805.0,20008422.0,20009572.0
14970.0,20009189.0,20008806.0,20008423.0,20009573.0,20009190.0,20008807.0,20008424.0,20009574.0,20009191.0,20008808.0
14971.0,20008425.0,20009575.0,20009192.0,20008809.0,20008426.0,20009576.0,20009193.0,20008810.0,20008427.0,20009577.0
14972.0,20009194.0,20008811.0,20008428.0,20009578.0,20009195.0,20008812.0,20008429.0,20009579.0,20009196.0,20008813.0
14973.0,20008430.0,20009580.0,20009197.0,20008814.0,20008431.0,20009581.0,20009198.0,20008815.0,20008432.0,20009582.0
14974.0,20009199.0,20008816.0,20008433.0,20009583.0,20009200.0,20008817.0,20008434.0,20009584.0,20009201.0,20008818.0
14975.0,20008435.0,20009585.0,20009202.0,20008819.0,20008436.0,20009586.0,20009203.0,20008820.0,20008437.0,20009587.0
14976.0,20009204.0,20008821.0,20008438.0,20009588.0,20009205.0,20008822.0,20008439.0,20009589.0,20009206.0,20008823.0
14977.0,20008440.0,20009590.0,20009207.0,20008824.0,20008441.0,20009591.0,20009208.0,20008825.0,20008442.0,20009592.0
14978.0,20009209.0,20008826.0,20008443.0,20009593.0,20009210.0,20008827.0,20008444.0,20009594.0,20009211.0,20008828.0
14979.0,20008445.0,20009595.0,20009212.0,20008829.0,20008446.0,20009596.0,20009213.0,20008830.0,20008447.0,20009597.0
14980.0,20009214.0,20008831.0,20009598.0,20009215.0,20009599.0,20008320.0,20008704.0,20008321.0,20009088.0,20008705.0
14981.0,20008322.0,20009472.0,20009089.0,20008706.0,20008323.0,20009473.0,20009090.0,20008707.0,20008324.0,20009474.0
14982.0,20009091.0,20008708.0,20008325.0,20009475.0,20009092.0,20008709.0,20008326.0,20009476.0,20009093.0,20008710.0
14983.0,20008327.0,20009477.0,20009094.0,20008711.0,20008328.0,20009478.0,20009095.0,20008712.0,20008329.0,20009479.0
14984.0,20009096.0,20008713.0,20008330.0,-1.0,-1.0,-1.0,-1.0,-1.0,-1.0,-1.0
15320.0,20009480.0,20009097.0,20008714.0,20008331.0,20009481.0,20009098.0,20008715.0,20008332.0,20009482.0,20009099.0
15321.0,20008716.0,20008333.0,20009483.0,20009100.0,20008717.0,20008334.0,20009484.0,20009101.0,20008718.0,20008335.0
15322.0,20009485.0,20009102.0,20008719.0,20008336.0,20009486.0,20009103.0,20008720.0,20008337.0,20009487.0,20009104.0
15323.0,20008721.0,20008338.0,20009488.0,20009105.0,20008722.0,20008339.0,20009489.0,20009106.0,20008723.0,20008340.0
15324.0,20009490.0,20009107.0,20008724.0,20008341.0,20009491.0,20009108.0,20008725.0,20008342.0,20009492.0,20009109.0
15325.0,20008726.0,20008343.0,20009493.0,20009110.0,20008727.0,20008344.0,20009494.0,20009111.0,20008728.0,20008345.0
15326.0,20009495.0,20009112.0,20008729.0,20008346.0,20009496.0,20009113.0,20008730.0,20008347.0,20009497.0,20009114.0
15327.0,20008731.0,20008348.0,20009498.0,20009115.0,20008732.0,20008349.0,20009499.0,20009116.0,20008733.0,20008350.0
15328.0,20009500.0,20009117.0,20008734.0,20008351.0,20009501.0,20009118.0,20008735.0,20008352.0,20009502.0,20009119.0
15329.0,20008736.0,20008353.0,20009503.0,20009120.0,20008737.0,20008354.0,20009504.0,20009121.0,20008738.0,20008355.0
15330.0,20009505.0,20009122.0,20008739.0,20008356.0,20009506.0,20009123.0,20008740.0,20008357.0,20009507.0,20009124.0
15331.0,20008741.0,20008358.0,20009508.0,20009125.0,20008742.0,20008359.0,20009509.0,20009126.0,20008743.0,20008360.0
15332.0,20009510.0,20009127.0,20008744.0,20008361.0,20009511.0,20009128.0,20008745.0,20008362.0,20009512.0,20009129.0
15333.0,20008746.0,20008363.0,20009513.0,20009130.0,20008747.0,20008364.0,20009514.0,20009131.0,20008748.0,20008365.0
15334.0,20009515.0,20009132.0,20008749.0,20008366.0,20009516.0,20009133.0,20008750.0,20008367.0,20009517.0,20009134.0
15335.0,20008751.0,20008368.0,20009518.0,20009135.0,20008752.0,20008369.0,20009519.0,20009136.0,20008753.0,20008370.0
15336.0,20009520.0,20009137.0,20008754.0,20008371.0,20009521.0,20009138.0,20008755.0,20008372.0,20009522.0,20009139.0
15337.0,20008756.0,20008373.0,20009523.0,20009140.0,20008757.0,20008374.0,20009524.0,20009141.0,20008758.0,20008375.0
15338.0,20009525.0,20009142.0,20008759.0,20008376.0,20009526.0,20009143.0,20008760.0,20008377.0,20009527.0,20009144.0
15339.0,20008761.0,20008378.0,20009528.0,20009145.0,20008762.0,20008379.0,20009529.0,20009146.0,20008763.0,20008380.0
15340.0,20009530.0,20009147.0,20008764.0,20008381.0,20009531.0,20009148.0,20008765.0,20008382.0,20009532.0,20009149.0
15341.0,20008766.0,20008383.0,20009533.0,20009150.0,20008767.0,20008384.0,20009534.0,20009151.0,20008768.0,20008385.0
15342.0,20009535.0,20009152.0,20008769.0,20008386.0,20009536.0,20009153.0,20008770.0,20008387.0,20009537.0,20009154.0
15343.0,20008771.0,20008388.0,20009538.0,20009155.0,20008772.0,20008389.0,20009539.0,20009156.0,20008773.0,20008390.0
15344.0,20009540.0,20009157.0,20008774.0,20008391.0,20009541.0,20009158.0,20008775.0,20008392.0,20009542.0,20009159.0
15345.0,20008776.0,20008393.0,20009543.0,20009160.0,20008777.0,20008394.0,20009544.0,20009161.0,20008778.0,20008395.0
15346.0,20009545.0,20009162.0,20008779.0,20008396.0,20009546.0,20009163.0,20008780.0,20008397.0,20009547.0,20009164.0
15347.0,20008781.0,20008398.0,20009548.0,20009165.0,20008782.0,20008399.0,20009549.0,20009166.0,20008783.0,20008400.0
15348.0,20009550.0,20009167.0,20008784.0,20008401.0,20009551.0,20009168.0,20008785.0,20008402.0,20009552.0,20009169.0
15349.0,20008786.0,20008403.0,20009553.0,20009170.0,20008787.0,20008404.0,20009554.0,20009171.0,20008788.0,20008405.0
15350.0,20009555.0,20009172.0,20008789.0,20008406.0,20009556.0,20009173.0,20008790.0,20008407.0,20009557.0,20009174.0
15351.0,20008791.0,20008408.0,20009558.0,20009175.0,20008792.0,20008409.0,20009559.0,20009176.0,20008793.0,20008410.0
15352.0,20009560.0,20009177.0,20008794.0,20008411.0,20009561.0,20009178.0,20008795.0,20008412.0,20009562.0,20009179.0
15353.0,20008796.0,20008413.0,20009563.0,20009180.0,20008797.0,20008414.0,20009564.0,20009181.0,20008798.0,20008415.0
15354.0,20009565.0,20009182.0,20008799.0,20008416.0,20009566.0,20009183.0,20008800.0,20008417.0,20009567.0,20009184.0
15355.0,20008801.0,20008418.0,20009568.0,20009185.0,20008802.0,20008419.0,20009569.0,20009186.0,20008803.0,20008420.0
15356.0,20009570.0,20009187.0,20008804.0,20008421.0,20009571.0,20009188.0,20008805.0,20008422.0,20009572.0,20009189.0
15357.0,20008806.0,20008423.0,20009573.0,20009190.0,20008807.0,20008424.0,20009574.0,20009191.0,20008808.0,20008425.0
15358.0,20009575.0,20009192.0,20008809.0,20008426.0,20009576.0,20009193.0,20008810.0,20008427.0,20009577.0,20009194.0
15359.0,20008811.0,20008428.0,20009578.0,20009195.0,20008812.0,20008429.0,20009579.0,20009196.0,20008813.0,20008430.0
15360.0,20009580.0,20009197.0,20008814.0,20008431.0,20009581.0,20009198.0,20008815.0,20008432.0,20009582.0,20009199.0
15361.0,20008816.0,20008433.0,20009583.0,20009200.0,20008817.0,20008434.0,20009584.0,20009201.0,20008818.0,20008435.0
15362.0,20009585.0,20009202.0,20008819.0,20008436.0,20009586.0,20009203.0,20008820.0,20008437.0,20009587.0,20009204.0
15363.0,20008821.0,20008438.0,20009588.0,20009205.0,20008822.0,20008439.0,20009589.0,20009206.0,20008823.0,20008440.0
15364.0,20009590.0,20009207.0,20008824.0,20008441.0,20009591.0,20009208.0,20008825.0,20008442.0,20009592.0,20009209.0
15365.0,20008826.0,20008443.0,20009593.0,20009210.0,20008827.0,20008444.0,20009594.0,20009211.0,20008828.0,20008445.0
15366.0,20009595.0,20009212.0,20008829.0,20008446.0,20009596.0,20009213.0,20008830.0,20008447.0,20009597.0,20009214.0
15367.0,20008831.0,20009598.0,20009215.0,20009599.0,20008320.0,20008704.0,20008321.0,20009088.0,20008705.0,20008322.0
15368.0,20009472.0,20009089.0,20008706.0,20008323.0,20009473.0,20009090.0,20008707.0,20008324.0,20009474.0,20009091.0
15369.0,20008708.0,20008325.0,20009475.0,20009092.0,20008709.0,20008326.0,20009476.0,20009093.0,20008710.0,20008327.0
15370.0,20009477.0,20009094.0,20008711.0,20008328.0,20009478.0,20009095.0,20008712.0,20008329.0,20009479.0,20009096.0
15371.0,20008713.0,20008330.0,20009480.0,-1.0,-1.0,-1.0,-1.0,-1.0,-1.0,-1.0
15706.0,20009097.0,20008714.0,20008331.0,20009481.0,20009098.0,20008715.0,20008332.0,20009482.0,20009099.0,20008716.0
15707.0,20008333.0,20009483.0,20009100.0,20008717.0,20008334.0,20009484.0,20009101.0,20008718.0,20008335.0,20009485.0
15708.0,20009102.0,20008719.0,20008336.0,20009486.0,20009103.0,20008720.0,20008337.0,20009487.0,20009104.0,20008721.0
15709.0,20008338.0,20009488.0,20009105.0,20008722.0,20008339.0,20009489.0,20009106.0,20008723.0,20008340.0,20009490.0
15710.0,20009107.0,20008724.0,20008341.0,20009491.0,20009108.0,20008725.0,20008342.0,20009492.0,20009109.0,20008726.0
15711.0,20008343.0,20009493.0,20009110.0,20008727.0,20008344.0,20009494.0,20009111.0,20008728.0,20008345.0,20009495.0
15712.0,20009112.0,20008729.0,20008346.0,20009496.0,20009113.0,20008730.0,20008347.0,20009497.0,20009114.0,20008731.0
15713.0,20008348.0,20009498.0,20009115.0,20008732.0,20008349.0,20009499.0,20009116.0,20008733.0,20008350.0,20009500.0
15714.0,20009117.0,20008734.0,20008351.0,20009501.0,20009118.0,20008735.0,20008352.0,20009502.0,20009119.0,20008736.0
15715.0,20008353.0,20009503.0,20009120.0,20008737.0,20008354.0,20009504.0,20009121.0,20008738.0,20008355.0,20009505.0
15716.0,20009122.0,20008739.0,20008356.0,20009506.0,20009123.0,20008740.0,20008357.0,20009507.0,20009124.0,20008741.0
15717.0,20008358.0,20009508.0,20009125.0,20008742.0,20008359.0,20009509.0,20009126.0,20008743.0,20008360.0,20009510.0
15718.0,20009127.0,20008744.0,20008361.0,20009511.0,20009128.0,20008745.0,20008362.0,20009512.0,20009129.0,20008746.0
15719.0,20008363.0,20009513.0,20009130.0,20008747.0,20008364.0,20009514.0,20009131.0,20008748.0,20008365.0,20009515.0
15720.0,20009132.0,20008749.0,20008366.0,20009516.0,20009133.0,20008750.0,20008367.0,20009517.0,20009134.0,20008751.0
15721.0,20008368.0,20009518.0,20009135.0,20008752.0,20008369.0,20009519.0,20009136.0,20008753.0,20008370.0,20009520.0
15722.0,20009137.0,20008754.0,20008371.0,20009521.0,20009138.0,20008755.0,20008372.0,20009522.0,20009139.0,20008756.0
15723.0,20008373.0,20009523.0,20009140.0,20008757.0,20008374.0,20009524.0,20009141.0,20008758.0,20008375.0,20009525.0
15724.0,20009142.0,20008759.0,20008376.0,20009526.0,20009143.0,20008760.0,20008377.0,20009527.0,20009144.0,20008761.0
15725.0,20008378.0,20009528.0,20009145.0,20008762.0,20008379.0,20009529.0,20009146.0,20008763.0,20008380.0,20009530.0
15726.0,20009147.0,20008764.0,20008381.0,20009531.0,20009148.0,20008765.0,20008382.0,20009532.0,20009149.0,20008766.0
15727.0,20008383.0,20009533.0,20009150.0,20008767.0,20008384.0,20009534.0,20009151.0,20008768.0,20008385.0,20009535.0
15728.0,20009152.0,20008769.0,20008386.0,20009536.0,20009153.0,20008770.0,20008387.0,20009537.0,20009154.0,20008771.0
15729.0,20008388.0,20009538.0,20009155.0,20008772.0,20008389.0,20009539.0,20009156.0,20008773.0,20008390.0,20009540.0
15730.0,20009157.0,20008774.0,20008391.0,20009541.0,20009158.0,20008775.0,20008392.0,20009542.0,20009159.0,20008776.0
15731.0,20008393.0,20009543.0,20009160.0,20008777.0,20008394.0,20009544.0,20009161.0,20008778.0,20008395.0,20009545.0
15732.0,20009162.0,20008779.0,20008396.0,20009546.0,20009163.0,20008780.0,20008397.0,20009547.0,20009164.0,20008781.0
15733.0,20008398.0,20009548.0,20009165.0,20008782.0,20008399.0,20009549.0,20009166.0,20008783.0,20008400.0,20009550.0
15734.0,20009167.0,20008784.0,20008401.0,20009551.0,20009168.0,20008785.0,20008402.0,20009552.0,20009169.0,20008786.0
15735.0,20008403.0,20009553.0,20009170.0,20008787.0,20008404.0,20009554.0,20009171.0,20008788.0,20008405.0,20009555.0
15736.0,20009172.0,20008789.0,20008406.0,20009556.0,20009173.0,20008790.0,20008407.0,20009557.0,20009174.0,20008791.0
15737.0,20008408.0,20009558.0,20009175.0,20008792.0,20008409.0,20009559.0,20009176.0,20008793.0,20008410.0,20009560.0
15738.0,20009177.0,20008794.0,20008411.0,20009561.0,20009178.0,20008795.0,20008412.0,20009562.0,20009179.0,20008796.0
15739.0,20008413.0,20009563.0,20009180.0,20008797.0,20008414.0,20009564.0,20009181.0,20008798.0,20008415.0,20009565.0
15740.0,20009182.0,20008799.0,20008416.0,20009566.0,20009183.0,20008800.0,20008417.0,20009567.0,20009184.0,20008801.0
15741.0,20008418.0,20009568.0,20009185.0,20008802.0,20008419.0,20009569.0,20009186.0,20008803.0,20008420.0,20009570.0
15742.0,20009187.0,20008804.0,20008421.0,20009571.0,20009188.0,20008805.0,20008422.0,20009572.0,20009189.0,20008806.0
15743.0,20008423.0,20009573.0,20009190.0,20008807.0,20008424.0,20009574.0,20009191.0,20008808.0,20008425.0,20009575.0
15744.0,20009192.0,20008809.0,20008426.0,20009576.0,20009193.0,20008810.0,20008427.0,20009577.0,20009194.0,20008811.0
15745.0,20008428.0,20009578.0,20009195.0,20008812.0,20008429.0,20009579.0,20009196.0,20008813.0,20008430.0,20009580.0
15746.0,20009197.0,20008814.0,20008431.0,20009581.0,20009198.0,20008815.0,20008432.0,20009582.0,20009199.0,20008816.0
15747.0,20008433.0,20009583.0,20009200.0,20008817.0,20008434.0,20009584.0,20009201.0,20008818.0,20008435.0,20009585.0
15748.0,20009202.0,20008819.0,20008436.0,20009586.0,20009203.0,20008820.0,20008437.0,20009587.0,20009204.0,20008821.0
15749.0,20008438.0,20009588.0,20009205.0,20008822.0,20008439.0,20009589.0,20009206.0,20008823.0,20008440.0,20009590.0
15750.0,20009207.0,20008824.0,20008441.0,20009591.0,20009208.0,20008825.0,20008442.0,20009592.0,20009209.0,20008826.0
15751.0,20008443.0,20009593.0,20009210.0,20008827.0,20008444.0,20009594.0,20009211.0,20008828.0,20008445.0,20009595.0
15752.0,20009212.0,20008829.0,20008446.0,20009596.0,20009213.0,20008830.0,20008447.0,20009597.0,20009214.0,20008831.0
15753.0,20009598.0,20009215.0,20009599.0,20008320.0,20008704.0,20008321.0,20009088.0,20008705.0,20008322.0,20009472.0
15754.0,20009089.0,20008706.0,20008323.0,20009473.0,20009090.0,20008707.0,20008324.0,20009474.0,20009091.0,20008708.0
15755.0,20008325.0,20009475.0,20009092.0,20008709.0,20008326.0,20009476.0,20009093.0,20008710.0,20008327.0,20009477.0
15756.0,20009094.0,20008711.0,20008328.0,20009478.0,20009095.0,20008712.0,20008329.0,20009479.0,20009096.0,20008713.0
15757.0,20008330.0,20009480.0,20009097.0,-1.0,-1.0,-1.0,-1.0,-1.0,-1.0,-1.0
16092.0,20008714.0,20008331.0,20009481.0,20009098.0,20008715.0,20008332.0,20009482.0,20009099.0,20008716.0,20008333.0
16093.0,20009483.0,20009100.0,20008717.0,20008334.0,20009484.0,20009101.0,20008718.0,20008335.0,20009485.0,20009102.0
16094.0,20008719.0,20008336.0,20009486.0,20009103.0,20008720.0,20008337.0,20009487.0,20009104.0,20008721.0,20008338.0
16095.0,20009488.0,20009105.0,20008722.0,20008339.0,20009489.0,20009106.0,20008723.0,20008340.0,20009490.0,20009107.0
16096.0,20008724.0,20008341.0,20009491.0,20009108.0,20008725.0,20008342.0,20009492.0,20009109.0,20008726.0,20008343.0
16097.0,20009493.0,20009110.0,20008727.0,20008344.0,20009494.0,20009111.0,20008728.0,20008345.0,20009495.0,20009112.0
16098.0,20008729.0,20008346.0,20009496.0,20009113.0,20008730.0,20008347.0,20009497.0,20009114.0,20008731.0,20008348.0
16099.0,20009498.0,20009115.0,20008732.0,20008349.0,20009499.0,20009116.0,20008733.0,20008350.0,20009500.0,20009117.0
16100.0,20008734.0,20008351.0,20009501.0,20009118.0,20008735.0,20008352.0,20009502.0,20009119.0,20008736.0,20008353.0
16101.0,20009503.0,20009120.0,20008737.0,20008354.0,20009504.0,20009121.0,20008738.0,20008355.0,20009505.0,20009122.0
16102.0,20008739.0,20008356.0,20009506.0,20009123.0,20008740.0,20008357.0,20009507.0,20009124.0,20008741.0,20008358.0
16103.0,20009508.0,20009125.0,20008742.0,20008359.0,20009509.0,20009126.0,20008743.0,20008360.0,20009510.0,20009127.0
16104.0,20008744.0,20008361.0,20009511.0,20009128.0,20008745.0,20008362.0,20009512.0,20009129.0,20008746.0,20008363.0
16105.0,20009513.0,20009130.0,20008747.0,20008364.0,20009514.0,20009131.0,20008748.0,20008365.0,20009515.0,20009132.0
16106.0,20008749.0,20008366.0,20009516.0,20009133.0,20008750.0,20008367.0,20009517.0,20009134.0,20008751.0,20008368.0
16107.0,20009518.0,20009135.0,20008752.0,20008369.0,20009519.0,20009136.0,20008753.0,20008370.0,20009520.0,20009137.0
16108.0,20008754.0,20008371.0,20009521.0,20009138.0,20008755.0,20008372.0,20009522.0,20009139.0,20008756.0,20008373.0
16109.0,20009523.0,20009140.0,20008757.0,20008374.0,20009524.0,20009141.0,20008758.0,20008375.0,20009525.0,20009142.0
16110.0,20008759.0,20008376.0,20009526.0,20009143.0,20008760.0,20008377.0,20009527.0,20009144.0,20008761.0,20008378.0
16111.0,20009528.0,20009145.0,20008762.0,20008379.0,20009529.0,20009146.0,20008763.0,20008380.0,20009530.0,20009147.0
16112.0,20008764.0,20008381.0,20009531.0,20009148.0,20008765.0,20008382.0,20009532.0,20009149.0,20008766.0,20008383.0
16113.0,20009533.0,20009150.0,20008767.0,20008384.0,20009534.0,20009151.0,20008768.0,20008385.0,20009535.0,20009152.0
16114.0,20008769.0,20008386.0,20009536.0,20009153.0,20008770.0,20008387.0,20009537.0,20009154.0,20008771.0,20008388.0
16115.0,20009538.0,20009155.0,20008772.0,20008389.0,20009539.0,20009156.0,20008773.0,20008390.0,20009540.0,20009157.0
16116.0,20008774.0,20008391.0,20009541.0,20009158.0,20008775.0,20008392.0,20009542.0,20009159.0,20008776.0,20008393.0
16117.0,20009543.0,20009160.0,20008777.0,20008394.0,20009544.0,20009161.0,20008778.0,20008395.0,20009545.0,20009162.0
16118.0,20008779.0,20008396.0,20009546.0,20009163.0,20008780.0,20008397.0,20009547.0,20009164.0,20008781.0,20008398.0
16119.0,20009548.0,20009165.0,20008782.0,20008399.0,20009549.0,20009166.0,20008783.0,20008400.0,20009550.0,20009167.0
16120.0,20008784.0,20008401.0,20009551.0,20009168.0,20008785.0,20008402.0,20009552.0,20009169.0,20008786.0,20008403.0
16121.0,20009553.0,20009170.0,20008787.0,20008404.0,20009554.0,20009171.0,20008788.0,20008405.0,20009555.0,20009172.0
16122.0,20008789.0,20008406.0,20009556.0,20009173.0,20008790.0,20008407.0,20009557.0,20009174.0,20008791.0,20008408.0
16123.0,20009558.0,20009175.0,20008792.0,20008409.0,20009559.0,20009176.0,20008793.0,20008410.0,20009560.0,20009177.0
16124.0,20008794.0,20008411.0,20009561.0,20009178.0,20008795.0,20008412.0,20009562.0,20009179.0,20008796.0,20008413.0
16125.0,20009563.0,20009180.0,20008797.0,20008414.0,20009564.0,20009181.0,20008798.0,20008415.0,20009565.0,20009182.0
16126.0,20008799.0,20008416.0,20009566.0,20009183.0,20008800.0,20008417.0,20009567.0,20009184.0,20008801.0,20008418.0
16127.0,20009568.0,20009185.0,20008802.0,20008419.0,20009569.0,20009186.0,20008803.0,20008420.0,20009570.0,20009187.0
16128.0,20008804.0,20008421.0,20009571.0,20009188.0,20008805.0,20008422.0,20009572.0,20009189.0,20008806.0,20008423.0
16129.0,20009573.0,20009190.0,20008807.0,20008424.0,20009574.0,20009191.0,20008808.0,20008425.0,20009575.0,20009192.0
16130.0,20008809.0,20008426.0,20009576.0,20009193.0,20008810.0,20008427.0,20009577.0,20009194.0,20008811.0,20008428.0
16131.0,20009578.0,20009195.0,20008812.0,20008429.0,20009579.0,20009196.0,20008813.0,20008430.0,20009580.0,20009197.0
16132.0,20008814.0,20008431.0,20009581.0,20009198.0,20008815.0,20008432.0,20009582.0,20009199.0,20008816.0,20008433.0
16133.0,20009583.0,20009200.0,20008817.0,20008434.0,20009584.0,20009201.0,20008818.0,20008435.0,20009585.0,20009202.0
16134.0,20008819.0,20008436.0,20009586.0,20009203.0,20008820.0,20008437.0,20009587.0,20009204.0,20008821.0,20008438.0
16135.0,20009588.0,20009205.0,20008822.0,20008439.0,20009589.0,20009206.0,20008823.0,20008440.0,20009590.0,20009207.0
16136.0,20008824.0,20008441.0,20009591.0,20009208.0,20008825.0,20008442.0,20009592.0,20009209.0,20008826.0,20008443.0
16137.0,20009593.0,20009210.0,20008827.0,20008444.0,20009594.0,20009211.0,20008828.0,20008445.0,20009595.0,20009212.0
16138.0,20008829.0,20008446.0,20009596.0,20009213.0,20008830.0,20008447.0,20009597.0,20009214.0,20008831.0,20009598.0
16139.0,20009215.0,20009599.0,20008320.0,20008704.0,20008321.0,20009088.0,20008705.0,20008322.0,20009472.0,20009089.0
16140.0,20008706.0,20008323.0,20009473.0,20009090.0,20008707.0,20008324.0,20009474.0,20009091.0,20008708.0,20008325.0
16141.0,20009475.0,20009092.0,20008709.0,20008326.0,20009476.0,20009093.0,20008710.0,20008327.0,20009477.0,20009094.0
16142.0,20008711.0,20008328.0,20009478.0,20009095.0,20008712.0,20008329.0,20009479.0,20009096.0,20008713.0,20008330.0
16143.0,20009480.0,20009097.0,20008714.0,-1.0,-1.0,-1.0,-1.0,-1.0,-1.0,-1.0
16211.0,20008331.0,20009481.0,20009098.0,20008715.0,20008332.0,20009482.0,20009099.0,20008716.0,20008333.0,20009483.0
16212.0,20009100.0,20008717.0,20008334.0,20009484.0,20009101.0,20008718.0,20008335.0,20009485.0,20009102.0,20008719.0
16213.0,20008336.0,20009486.0,20009103.0,20008720.0,20008337.0,20009487.0,20009104.0,20008721.0,20008338.0,20009488.0
16214.0,20009105.0,20008722.0,20008339.0,20009489.0,20009106.0,20008723.0,20008340.0,20009490.0,20009107.0,20008724.0
16215.0,20008341.0,20009491.0,20009108.0,20008725.0,20008342.0,20009492.0,20009109.0,20008726.0,20008343.0,20009493.0
16216.0,20009110.0,20008727.0,20008344.0,20009494.0,20009111.0,20008728.0,20008345.0,20009495.0,20009112.0,20008729.0
16217.0,20008346.0,20009496.0,20009113.0,20008730.0,20008347.0,20009497.0,20009114.0,20008731.0,20008348.0,20009498.0
16218.0,20009115.0,20008732.0,20008349.0,20009499.0,20009116.0,20008733.0,20008350.0,20009500.0,20009117.0,20008734.0
16219.0,20008351.0,20009501.0,20009118.0,20008735.0,20008352.0,20009502.0,20009119.0,20008736.0,20008353.0,20009503.0
16220.0,20009120.0,20008737.0,20008354.0,20009504.0,20009121.0,20008738.0,20008355.0,20009505.0,20009122.0,20008739.0
16221.0,20008356.0,20009506.0,20009123.0,20008740.0,20008357.0,20009507.0,20009124.0,20008741.0,20008358.0,20009508.0
16222.0,20009125.0,20008742.0,20008359.0,20009509.0,20009126.0,20008743.0,20008360.0,20009510.0,20009127.0,20008744.0
16223.0,20008361.0,20009511.0,20009128.0,20008745.0,20008362.0,20009512.0,20009129.0,20008746.0,20008363.0,20009513.0
16224.0,20009130.0,20008747.0,20008364.0,20009514.0,20009131.0,20008748.0,20008365.0,20009515.0,20009132.0,20008749.0
16225.0,20008366.0,20009516.0,20009133.0,20008750.0,20008367.0,20009517.0,20009134.0,20008751.0,20008368.0,20009518.0
16226.0,20009135.0,20008752.0,20008369.0,20009519.0,20009136.0,20008753.0,20008370.0,20009520.0,20009137.0,20008754.0
16227.0,20008371.0,20009521.0,20009138.0,20008755.0,20008372.0,20009522.0,20009139.0,20008756.0,20008373.0,20009523.0
16228.0,20009140.0,20008757.0,20008374.0,20009524.0,20009141.0,20008758.0,20008375.0,20009525.0,20009142.0,20008759.0
16229.0,20008376.0,20009526.0,20009143.0,20008760.0,20008377.0,20009527.0,20009144.0,20008761.0,20008378.0,20009528.0
16230.0,20009145.0,20008762.0,20008379.0,20009529.0,20009146.0,20008763.0,20008380.0,20009530.0,20009147.0,20008764.0
16231.0,20008381.0,20009531.0,20009148.0,20008765.0,20008382.0,20009532.0,20009149.0,20008766.0,20008383.0,20009533.0
16232.0,20009150.0,20008767.0,20008384.0,20009534.0,20009151.0,20008768.0,20008385.0,20009535.0,20009152.0,20008769.0
16233.0,20008386.0,20009536.0,20009153.0,20008770.0,20008387.0,20009537.0,20009154.0,20008771.0,20008388.0,20009538.0
16234.0,20009155.0,20008772.0,20008389.0,20009539.0,20009156.0,20008773.0,20008390.0,20009540.0,20009157.0,20008774.0
16235.0,20008391.0,20009541.0,20009158.0,20008775.0,20008392.0,20009542.0,20009159.0,20008776.0,20008393.0,20009543.0
16236.0,20009160.0,20008777.0,20008394.0,20009544.0,20009161.0,20008778.0,20008395.0,20009545.0,20009162.0,20008779.0
16237.0,20008396.0,20009546.0,20009163.0,20008780.0,20008397.0,20009547.0,20009164.0,20008781.0,20008398.0,20009548.0
16238.0,20009165.0,20008782.0,20008399.0,20009549.0,20009166.0,20008783.0,20008400.0,20009550.0,20009167.0,20008784.0
16239.0,20008401.0,20009551.0,20009168.0,20008785.0,20008402.0,20009552.0,20009169.0,20008786.0,20008403.0,20009553.0
16240.0,20009170.0,20008787.0,20008404.0,20009554.0,20009171.0,20008788.0,20008405.0,20009555.0,20009172.0,20008789.0
16241.0,20008406.0,20009556.0,20009173.0,20008790.0,20008407.0,20009557.0,20009174.0,20008791.0,20008408.0,20009558.0
16242.0,20009175.0,20008792.0,20008409.0,20009559.0,20009176.0,20008793.0,20008410.0,20009560.0,20009177.0,20008794.0
16243.0,20008411.0,20009561.0,20009178.0,20008795.0,20008412.0,20009562.0,20009179.0,20008796.0,20008413.0,20009563.0
16244.0,20009180.0,20008797.0,20008414.0,20009564.0,20009181.0,20008798.0,20008415.0,20009565.0,20009182.0,20008799.0
16245.0,20008416.0,20009566.0,20009183.0,20008800.0,20008417.0,20009567.0,20009184.0,20008801.0,20008418.0,20009568.0
16246.0,20009185.0,20008802.0,20008419.0,20009569.0,20009186.0,20008803.0,20008420.0,20009570.0,20009187.0,20008804.0
16247.0,20008421.0,20009571.0,20009188.0,20008805.0,20008422.0,20009572.0,20009189.0,20008806.0,20008423.0,20009573.0
16248.0,20009190.0,20008807.0,20008424.0,20009574.0,20009191.0,20008808.0,20008425.0,20009575.0,20009192.0,20008809.0
16249.0,20008426.0,20009576.0,20009193.0,20008810.0,20008427.0,20009577.0,20009194.0,20008811.0,20008428.0,20009578.0
16250.0,20009195.0,20008812.0,20008429.0,20009579.0,20009196.0,20008813.0,20008430.0,20009580.0,20009197.0,20008814.0
16251.0,20008431.0,20009581.0,20009198.0,20008815.0,20008432.0,20009582.0,20009199.0,20008816.0,20008433.0,20009583.0
16252.0,20009200.0,20008817.0,20008434.0,20009584.0,20009201.0,20008818.0,20008435.0,20009585.0,20009202.0,20008819.0
16253.0,20008436.0,20009586.0,20009203.0,20008820.0,20008437.0,20009587.0,20009204.0,20008821.0,20008438.0,20009588.0
16254.0,20009205.0,20008822.0,20008439.0,20009589.0,20009206.0,20008823.0,20008440.0,20009590.0,20009207.0,20008824.0
16255.0,20008441.0,20009591.0,20009208.0,20008825.0,20008442.0,20009592.0,20009209.0,20008826.0,20008443.0,20009593.0
16256.0,20009210.0,20008827.0,20008444.0,20009594.0,20009211.0,20008828.0,20008445.0,20009595.0,20009212.0,20008829.0
16257.0,20008446.0,20009596.0,20009213.0,20008830.0,20008447.0,20009597.0,20009214.0,20008831.0,20009598.0,20009215.0
16258.0,20009599.0,-1.0,-1.0,-1.0,-1.0,-1.0,-1.0,-1.0,-1.0,-1.0
